0	11241	-1072	-5736	16284	391	-150	-86	0	
0	11288	-1092	-5812	16340	472	-133	-119	0	
0	11336	-1000	-5860	16368	540	-122	-1440	0	
0	121803	-12368	-3352	10652	1144	-140	-76	0	
0	121851	-12348	-3544	10552	1205	-61	-30	0	
0	121899	-12340	-3296	10604	1218	-4	-55	0	
0	121947	-12216	-3212	10768	1138	35	-88	0	
0	121995	-12184	-3320	10680	1111	123	-125	0	
0	122044	-12356	-3200	10840	1050	217	-172	0	
0	122093	-12148	-3072	10876	990	307	-167	0	
0	122141	-12184	-3060	10888	898	377	-220	0	
0	122189	-12140	-2952	10928	752	496	-234	0	
0	122238	-12204	-2980	11000	591	587	-511	0	
0	122286	-12076	-2912	10984	422	685	-268	0	
0	122334	-12164	-3000	10880	244	766	-321	0	
0	122383	-12356	-2960	10844	102	878	-304	0	
0	122431	-12392	-2964	10708	-13	911	-368	0	
0	122479	-12336	-3112	10412	-56	1001	-353	0	
0	122528	-12504	-3156	10388	-108	980	-431	0	
0	122576	-12604	-3260	10248	-165	963	-399	0	
0	122625	-12692	-3320	10016	-117	959	-395	0	
0	122673	-12696	-3488	10064	-62	911	-372	0	
0	122721	-13028	-3536	9896	55	863	-349	0	
0	122769	-13004	-3708	9752	128	822	-349	0	
0	122817	-12944	-3816	9824	182	789	-311	0	
0	122866	-13004	-4076	9812	312	663	-252	0	
0	122914	-12896	-3832	9856	416	571	-182	0	
0	122962	-12816	-3840	9528	581	482	-113	0	
0	123010	-12764	-3860	9588	640	378	-61	0	
0	123058	-12900	-3912	9848	727	280	51	0	
0	123106	-12980	-3648	9644	682	190	116	0	
0	123154	-12860	-3704	9800	697	81	204	0	
0	123202	-12872	-3620	9764	773	25	279	0	
0	123250	-12972	-3632	9868	851	-27	328	0	
0	123298	-12900	-3524	9884	910	-55	373	0	
0	123346	-12932	-3424	9988	909	-127	418	0	
0	123394	-12848	-3396	10020	912	-157	472	0	
0	123442	-12852	-3268	10076	964	-172	487	0	
0	123491	-12960	-3152	10028	1012	-193	469	0	
0	123539	-12872	-3120	10184	980	-197	454	0	
0	123588	-12656	-3028	10128	913	-197	425	0	
0	123636	-12728	-3000	10320	882	-190	437	0	
0	123685	-12708	-2912	10188	937	-189	390	0	
0	123733	-12652	-2948	10180	902	-133	331	0	
0	123781	-12652	-2980	10312	862	-73	228	0	
0	123829	-12592	-2908	10192	774	0	169	0	
0	123877	-12680	-3008	10432	678	14	72	0	
0	123925	-12596	-3016	10164	650	76	-17	0	
0	123973	-12552	-2916	10176	645	89	-102	0	
0	124022	-12620	-2964	10296	617	124	-197	0	
0	124070	-12492	-3000	10392	582	99	-222	0	
0	124118	-12528	-3028	10408	526	135	-259	0	
0	124166	-12520	-3088	10284	484	88	-261	0	
0	124214	-12628	-3256	10316	494	142	-299	0	
0	124263	-12788	-3256	10244	547	137	-350	0	
0	124311	-12572	-3392	10428	567	189	-355	0	
0	124360	-12876	-3412	10276	587	224	-349	0	
0	124408	-12820	-3432	10400	621	269	-316	0	
0	124456	-12856	-3400	10264	655	264	-303	0	
0	124505	-12760	-3440	10144	696	247	-305	0	
0	124553	-12832	-3456	10072	771	212	-281	0	
0	124601	-12856	-3512	10240	856	153	-259	0	
0	124650	-12788	-3408	10092	972	40	-210	0	
0	124698	-12672	-3324	10220	977	-110	-135	0	
0	124746	-12696	-3264	10344	921	-183	-101	0	
0	124795	-12648	-3400	10400	861	-251	-89	0	
0	124843	-12748	-3444	10360	883	-289	-72	0	
0	124891	-12704	-3304	10336	873	-251	-91	0	
0	124939	-12612	-3308	10448	828	-236	-75	0	
0	124988	-12452	-3144	10376	801	-208	-110	0	
0	125036	-12500	-3148	10240	765	-199	-142	0	
0	125085	-12508	-3128	10188	618	-191	-192	0	
0	125133	-12380	-3196	10244	563	-165	-212	0	
0	125181	-12356	-3152	10108	496	-177	-218	0	
0	125230	-12344	-3232	10092	480	-172	-226	0	
0	125278	-12728	-3336	10144	482	-165	-291	0	
0	125327	-12580	-3256	10264	488	-119	-347	0	
0	125375	-12692	-3296	10336	510	-67	-346	0	
0	125423	-12672	-3304	10276	501	6	-336	0	
0	125471	-12544	-3264	10368	467	47	-335	0	
0	125519	-12576	-3080	10468	507	94	-395	0	
0	125568	-12508	-2988	10336	377	162	-434	0	
0	125616	-12532	-2876	10364	184	205	-457	0	
0	125664	-12520	-2892	10584	79	250	-464	0	
0	125713	-12552	-2824	10692	-255	306	-465	0	
0	125761	-12556	-2916	10476	11	396	-488	0	
0	125809	-12612	-2772	10692	-15	470	-558	0	
0	125857	-12548	-2872	10684	-109	566	-610	0	
0	125906	-12364	-2704	10584	-208	605	-584	0	
0	125954	-12324	-2600	10852	-300	641	-617	0	
0	126003	-12300	-2772	10704	-388	643	-643	0	
0	126051	-12188	-2860	10636	-505	652	-658	0	
0	126100	-12308	-2896	10476	-596	622	-671	0	
0	126148	-12364	-3024	10672	-707	621	-666	0	
0	126196	-12244	-3060	10648	-778	578	-656	0	
0	126245	-12216	-3112	10692	-819	531	-629	0	
0	126293	-12112	-3260	10644	-857	474	-656	0	
0	126342	-12112	-3372	10684	-856	518	-640	0	
0	126390	-12112	-3352	10464	-858	446	-629	0	
0	126438	-12204	-3416	10608	-910	437	-611	0	
0	126487	-12184	-3332	10276	-1104	458	-558	0	
0	126536	-12172	-3404	10404	-1314	427	-543	0	
0	126584	-12248	-3588	10524	-1465	437	-497	0	
0	126633	-12296	-3756	10360	-1489	409	-430	0	
0	126681	-12316	-3716	10332	-1472	397	-393	0	
0	126730	-12396	-3896	10228	-1408	386	-357	0	
0	126779	-12384	-3668	10076	-1274	389	-337	0	
0	126827	-12464	-3940	9980	-1080	384	-371	0	
0	126876	-12608	-3876	9940	-1015	419	-367	0	
0	126924	-12652	-3660	9756	-1057	486	-350	0	
0	126973	-12868	-3596	10004	-1101	523	-314	0	
0	127021	-12952	-3584	9996	-1094	582	-314	0	
0	127070	-12940	-3588	9916	-917	674	-345	0	
0	127118	-12864	-3484	9924	-781	703	-367	0	
0	127166	-13048	-3592	9644	-691	773	-372	0	
0	127214	-13196	-3536	9684	-556	819	-381	0	
0	127263	-13140	-3512	9636	-452	818	-425	0	
0	127311	-13208	-3656	9608	-347	870	-502	0	
0	127359	-13264	-3628	9728	-163	863	-499	0	
0	127407	-13080	-3704	9552	60	870	-510	0	
0	127455	-13092	-3724	9532	298	870	-489	0	
0	127504	-12980	-3736	9548	424	908	-451	0	
0	127552	-12768	-3648	9788	479	934	-447	0	
0	127600	-12744	-3764	9812	572	996	-404	0	
0	127648	-12700	-3640	9484	494	1076	-423	0	
0	127696	-12800	-3620	9660	370	1118	-379	0	
0	127745	-12896	-3428	9592	342	1102	-336	0	
0	127793	-12884	-3152	9712	308	1071	-341	0	
0	127842	-12860	-3432	9772	282	987	-337	0	
0	127890	-13044	-3420	9804	268	918	-320	0	
0	127938	-13196	-3552	9912	366	834	-271	0	
0	127986	-13132	-3512	10076	542	779	-197	0	
0	128035	-12864	-3456	10396	499	692	-171	0	
0	128083	-12684	-3288	10396	395	659	-106	0	
0	128131	-12732	-3208	10412	374	634	-45	0	
0	128179	-12720	-3268	10388	417	695	18	0	
0	128227	-12844	-3432	10316	767	746	64	0	
0	128275	-12872	-3516	10296	619	809	76	0	
0	128324	-13036	-3408	10320	671	834	-14	0	
0	128372	-12804	-3352	10160	741	819	-44	0	
0	128420	-12568	-3340	10284	768	794	-76	0	
0	128468	-12404	-3212	10348	707	789	-56	0	
0	128516	-12276	-3156	10348	711	730	-60	0	
0	128564	-12160	-3256	10248	647	749	-105	0	
0	128613	-12148	-3280	10304	506	791	-89	0	
0	128661	-12016	-3296	10180	283	858	-176	0	
0	128709	-12084	-3292	10164	62	930	-243	0	
0	128757	-12240	-3304	10292	-140	1004	-292	0	
0	128806	-12380	-3128	9988	-269	1094	-380	0	
0	128854	-12516	-3440	9748	-264	1197	-485	0	
0	128903	-12608	-3548	10076	-229	1322	-568	0	
0	128951	-12640	-3656	9744	-217	1446	-633	0	
0	129000	-12716	-3644	9984	-219	1551	-667	0	
0	129048	-12752	-3700	9884	-204	1714	-744	0	
0	129097	-12868	-3736	10072	-163	1864	-822	0	
0	129146	-12984	-3680	10060	-87	1989	-936	0	
0	129194	-13164	-3588	10060	34	2127	-1003	0	
0	129243	-12952	-3392	10012	106	2222	-1100	0	
0	129291	-13064	-3512	9912	192	2337	-1180	0	
0	129340	-13028	-3428	10156	154	2380	-1535	0	
0	129389	-12968	-3304	9916	135	2406	-1397	0	
0	129437	-13100	-3468	10180	148	2368	-1470	0	
0	129486	-13016	-3428	10012	160	2323	-1563	0	
0	129535	-12956	-3444	10072	59	2218	-1643	0	
0	129584	-12840	-3460	10100	-61	2087	-1723	0	
0	129632	-12908	-3468	10060	-305	1956	-1793	0	
0	129681	-12800	-3624	10056	-457	1802	-1855	0	
0	129730	-12836	-3476	9980	-687	1668	-1537	0	
0	129779	-12584	-3560	9756	-915	1531	-1715	0	
0	129827	-12508	-3704	9720	-938	1345	-1575	0	
0	129876	-12448	-3756	9744	-821	1214	-1467	0	
0	129924	-12472	-3924	9604	-623	1067	-1245	0	
0	129973	-12516	-4168	9408	-461	1028	-1011	0	
0	130022	-12604	-4396	9424	-166	946	-753	0	
0	130070	-12764	-4664	9100	288	1275	-531	0	
0	130118	-12796	-4996	8916	736	1126	-332	0	
0	130167	-13088	-5180	8588	1153	1222	-163	0	
0	130215	-13280	-5168	8436	1786	1412	-16	0	
0	130264	-13256	-5188	8544	1857	1637	77	0	
0	130312	-13456	-4948	8608	2147	1972	108	0	
0	130360	-13428	-4876	8364	2210	2384	18	0	
0	130409	-13512	-4588	8612	2241	2882	-160	0	
0	130457	-13600	-4092	8704	2692	3237	-339	0	
0	130506	-13752	-3348	8664	2867	3523	-499	0	
0	130555	-13724	-3156	8816	2848	3771	-718	0	
0	130603	-13484	-2892	8900	2578	3880	-997	0	
0	130652	-13464	-2488	9064	2273	3924	-1232	0	
0	130701	-13208	-2144	8984	1744	3816	-1431	0	
0	130749	-13296	-1936	9184	1242	3650	-1616	0	
0	130798	-13508	-1820	8964	804	3395	-1688	0	
0	130847	-13304	-1752	9120	454	3123	-1774	0	
0	130895	-13280	-1980	9184	209	2876	-1831	0	
0	130944	-13444	-2212	9052	34	2661	-1839	0	
0	130992	-13368	-2568	9164	-180	2465	-1839	0	
0	131041	-13408	-2820	8804	-365	2270	-1778	0	
0	131090	-13488	-3068	8760	-768	2115	-1776	0	
0	131138	-13600	-3240	8816	-548	1940	-1709	0	
0	131187	-13512	-3560	8784	-511	1781	-1625	0	
0	131235	-13396	-3760	8764	-467	1675	-1484	0	
0	131284	-13300	-3896	8752	-353	1619	-1320	0	
0	131333	-13368	-4168	8648	-184	1590	-1163	0	
0	131381	-13556	-4272	8376	8	1521	-1046	0	
0	131430	-13632	-4396	8532	156	1458	-937	0	
0	131478	-13556	-4500	8592	257	1349	-788	0	
0	131526	-13564	-4340	8552	243	1237	-633	0	
0	131575	-13584	-4408	8464	286	1116	-557	0	
0	131623	-13524	-4632	8344	422	1073	-462	0	
0	131671	-13384	-4628	8224	455	1010	-464	0	
0	131720	-13780	-4688	8328	603	956	-477	0	
0	131768	-13860	-4548	8368	699	902	-450	0	
0	131816	-13940	-4100	8588	786	801	-423	0	
0	131864	-13912	-4180	8380	892	745	-418	0	
0	131913	-13756	-4016	8640	1016	670	-359	0	
0	131961	-13668	-3984	8888	1267	541	-271	0	
0	132009	-13612	-3952	8644	1436	491	-190	0	
0	132058	-13544	-4080	8608	1388	471	-165	0	
0	132106	-13568	-4176	8640	1465	413	-202	0	
0	132154	-13524	-4180	8676	1677	461	-510	0	
0	132203	-13524	-4264	8552	1778	767	-365	0	
0	132251	-13420	-4248	8676	1934	555	-428	0	
0	132299	-13400	-4232	8860	2103	620	-474	0	
0	132348	-13264	-4096	8776	2238	743	-549	0	
0	132396	-12968	-3932	9124	2277	881	-637	0	
0	132445	-12628	-3728	9412	2180	1068	-726	0	
0	132493	-12344	-3436	9652	1969	1260	-733	0	
0	132542	-11656	-3092	9496	1224	1583	-778	0	
0	132590	-11392	-3104	9832	466	1897	-849	0	
0	132639	-12000	-3100	9944	419	2057	-885	0	
0	132687	-12196	-2940	9856	189	2088	-960	0	
0	132735	-12556	-2996	9744	-200	2047	-1020	0	
0	132784	-12924	-3036	10028	-464	1983	-1280	0	
0	132833	-13128	-3092	9928	-605	1844	-1048	0	
0	132882	-13316	-3240	9952	-676	1738	-1063	0	
0	132930	-13440	-3336	9852	-664	1630	-1033	0	
0	132979	-13556	-3552	9900	-631	1495	-973	0	
0	133027	-13496	-3672	9636	-568	1406	-838	0	
0	133076	-13596	-3980	9552	-470	1348	-722	0	
0	133124	-13400	-4180	9292	-298	1255	-637	0	
0	133173	-13376	-4576	8720	-261	1238	-642	0	
0	133221	-13396	-4468	8304	-378	1244	-599	0	
0	133270	-13316	-4440	8244	-464	1535	-643	0	
0	133318	-13164	-4400	8228	-559	1350	-614	0	
0	133367	-13056	-4456	8020	-537	1432	-666	0	
0	133415	-12896	-4260	8112	-566	1538	-674	0	
0	133463	-12796	-4368	8348	-502	1655	-695	0	
0	133512	-13152	-4292	8500	-377	1682	-667	0	
0	133560	-13588	-4160	8496	-410	1600	-627	0	
0	133609	-13624	-4080	8412	-393	1563	-591	0	
0	133657	-13568	-4152	8564	-271	1449	-597	0	
0	133706	-13472	-4132	8848	-163	1398	-602	0	
0	133754	-13400	-4152	8580	-153	1314	-583	0	
0	133802	-13220	-4048	8628	-110	1287	-560	0	
0	133851	-13040	-3940	8880	-232	1274	-539	0	
0	133899	-12832	-3884	8944	-323	1294	-558	0	
0	133948	-12736	-3876	8976	-460	1359	-534	0	
0	133996	-12648	-3640	9172	-571	1417	-534	0	
0	134045	-12780	-3668	9424	-657	1508	-507	0	
0	134093	-12792	-3580	9360	-820	1569	-517	0	
0	134141	-12812	-3476	9460	-974	1691	-552	0	
0	134190	-12768	-3484	9316	-1162	1806	-604	0	
0	134239	-12796	-3392	9436	-1242	1933	-658	0	
0	134287	-12808	-3388	9440	-1515	2298	-641	0	
0	134336	-12692	-3244	9456	-1869	2177	-613	0	
0	134385	-13048	-3460	9492	-2040	2281	-568	0	
0	134433	-13060	-3488	9452	-2126	2399	-561	0	
0	134482	-13240	-3436	9636	-2179	2562	-565	0	
0	134530	-13360	-3388	9592	-2187	2749	-529	0	
0	134579	-12928	-3312	9500	-2374	2942	-561	0	
0	134628	-12996	-3184	9296	-2659	3102	-566	0	
0	134676	-12880	-2924	9444	-2712	3284	-563	0	
0	134725	-12808	-2804	9580	-2682	3423	-500	0	
0	134774	-13024	-2844	9512	-2501	3560	-438	0	
0	134822	-13712	-3068	9636	-2742	3618	-451	0	
0	134871	-15812	-4312	10100	-3107	3608	-619	0	
0	134920	-15872	-4156	9068	-3853	3424	-1091	0	
0	134968	-14872	-4064	8428	-3379	3839	-1325	0	
0	135017	-14712	-4836	8656	-1897	3738	-1461	0	
0	135066	-21816	-4988	10604	-1578	3459	-1669	0	
0	135115	-13896	-4772	7196	615	3121	-1679	0	
0	135164	-12176	-4988	7628	778	3118	-1680	0	
0	135212	-12628	-4880	7932	935	3104	-1840	0	
0	135261	-12668	-5104	8000	1313	3178	-1774	0	
0	135310	-12604	-5020	8156	1379	3320	-1767	0	
1	135359	-7428	-4256	8388	1573	3083	-2576	1	
1	135407	-12972	-4452	8316	138	3455	-1625	1	
1	135456	-15620	-4192	9008	-1001	3073	-1557	1	
1	135505	-14720	-4716	8852	-117	3420	-1434	1	
1	135554	-13976	-3932	8608	435	3593	-1472	1	
1	135603	-14476	-3808	8600	226	3731	-1517	1	
1	135651	-14288	-3396	8556	67	3788	-1661	1	
1	135700	-15476	-3204	8464	288	3878	-1785	1	
1	135748	-20088	-3300	8852	-111	3690	-2057	1	
1	135797	-12944	-3824	7100	-785	3848	-2066	1	
1	135846	-13632	-3932	7504	-1330	3684	-2137	1	
1	135895	-13740	-4092	7008	-1355	3595	-2158	1	
1	135944	-13688	-4268	6988	-1264	3472	-2186	1	
1	135993	-13640	-4324	6844	-1578	3333	-2254	1	
1	136042	-13680	-4492	6540	-2553	3172	-2252	1	
1	136091	-13752	-4796	6408	-2377	2954	-2248	1	
1	136140	-13788	-4844	6308	-2367	2784	-2205	1	
1	136189	-14068	-5184	5988	-1894	2527	-2152	1	
1	136238	-13932	-5384	5676	-1573	2302	-2097	1	
1	136287	-14052	-5592	5700	-827	2084	-2001	1	
1	136335	-14092	-5928	5708	-286	1818	-1815	1	
1	136384	-13836	-6036	5844	-171	1637	-1628	1	
1	136433	-14128	-5948	5988	417	1418	-1435	1	
1	136481	-14592	-6276	5848	1261	1272	-1254	1	
1	136530	-15488	-6436	5296	1392	1325	-1146	1	
1	136579	-15800	-6588	4844	200	2025	-1161	1	
1	136628	-15040	-6784	4388	-5249	2600	-1707	1	
1	136677	-15420	-6792	6568	-4411	2785	-1778	1	
1	136726	-13840	-7976	6076	2093	2657	-1222	1	
1	136775	-16264	-7444	5056	5281	2769	-1315	1	
1	136824	-15404	-6844	3456	3370	4003	-1565	1	
1	136873	-15252	-9424	5500	3947	3902	-1431	1	
1	136922	-15804	-5088	6096	4944	4042	-1457	1	
1	136971	-16956	-6356	3828	5960	4401	-1079	1	
1	137020	-9812	-6776	5264	5802	5791	-1755	1	
1	137068	-15160	-8480	5092	8195	2930	-1194	1	
1	137117	-15844	-5108	336	4842	4607	-1377	1	
1	137166	-16504	-5512	7564	6458	3772	-1201	1	
1	137215	-14368	-6824	6972	6513	4234	-889	1	
1	137263	-13432	-7208	5016	7298	4043	-945	1	
1	137312	-16992	-5884	3884	7575	3521	-934	1	
1	137361	-12468	-6020	3804	7002	4040	-1067	1	
1	137410	-13312	-5024	5944	7917	3146	-777	1	
1	137459	-15448	-5200	7396	8421	2016	-922	1	
1	137507	-10060	-5352	1896	6351	3889	-1669	1	
1	137556	-18516	-2836	9064	7160	2463	-2232	1	
1	137605	-11380	-1544	1488	6176	2842	-1687	1	
1	137654	-9884	-6016	9328	7576	2313	-1499	1	
1	137703	-13364	-5260	2728	6720	2366	-1830	1	
1	137752	-13908	-7076	11816	5414	1952	-1452	1	
1	137801	-13208	-1012	5664	5746	2161	-1039	1	
1	137850	-13984	-1880	9868	6192	1192	-933	1	
1	137899	-15308	-804	7276	5358	1067	-652	1	
1	137947	-13800	-3512	10392	6122	302	377	1	
1	137996	-14628	-5960	14264	6051	710	690	1	
1	138044	-11612	-5960	6020	5747	1576	636	1	
1	138093	-12936	-4092	7272	5087	1738	484	1	
1	138142	-16004	-3216	11052	5625	444	1079	1	
1	138191	-11328	-4552	6092	6315	-121	1874	1	
1	138239	-12292	-3800	9900	6213	241	1663	1	
1	138288	-12908	-2700	9976	6384	386	1105	1	
1	138337	-15064	-2836	10564	5551	505	1001	1	
1	138386	-12544	-2236	5432	5278	1299	287	1	
1	138434	-15840	-3108	11236	4996	650	764	1	
1	138483	-12904	-2752	8828	5061	444	585	1	
1	138531	-13908	-2960	8440	4914	652	313	1	
1	138580	-13564	-3580	10032	4319	1327	52	1	
1	138628	-14868	-1876	8688	3974	1954	-342	1	
1	138677	-11676	-3548	10000	4422	1391	-253	1	
1	138726	-13284	-3520	9300	4205	1150	-194	1	
1	138775	-12148	-1992	8344	3669	1189	-667	1	
1	138823	-16356	-2720	8688	3404	879	-670	1	
1	138872	-11968	-2360	8948	3195	1557	-714	1	
1	138921	-14544	-2720	9924	3955	794	-622	1	
1	138969	-12040	-2868	6732	2860	1437	-893	1	
1	139018	-12880	-3256	9548	2639	1498	-1376	1	
1	139067	-16140	-520	7372	2072	1357	-1769	1	
1	139116	-12588	-4364	8424	1830	1567	-1173	1	
1	139165	-12808	-4440	10084	2383	1864	-1299	1	
1	139214	-14688	-3628	9116	1965	1116	-1018	1	
1	139262	-13180	-3216	8024	1879	893	-681	1	
1	139311	-12876	-3196	9480	1854	605	-388	1	
1	139359	-13448	-3336	8908	1846	116	42	1	
1	139408	-13232	-3488	8772	1579	-108	342	1	
1	139456	-13564	-3560	8896	1443	-176	465	1	
1	139505	-13840	-3164	8580	963	-184	460	1	
1	139553	-13988	-3048	8176	417	-39	281	1	
1	139601	-14080	-3128	8184	320	90	146	1	
1	139649	-14060	-3076	8132	354	215	-7	1	
1	139697	-14180	-3044	7944	203	311	-170	1	
1	139745	-14144	-3040	7784	-252	383	-348	1	
1	139794	-14008	-3052	7732	-157	445	-547	1	
1	139842	-14004	-3160	7480	-318	500	-730	1	
1	139890	-13908	-3308	7316	-434	502	-844	1	
1	139939	-14092	-3452	7268	-594	485	-948	1	
1	139987	-14116	-3772	7156	-675	473	-1003	1	
1	140036	-14036	-4052	7092	-688	429	-1052	1	
1	140084	-14076	-4228	7256	-603	363	-1117	1	
1	140133	-14024	-4336	7148	-503	315	-1083	1	
1	140181	-14044	-4492	7328	-316	306	-1005	1	
1	140230	-14108	-4420	7400	-224	318	-969	1	
1	140278	-14108	-4392	7476	-158	311	-923	1	
1	140326	-13840	-4512	7468	-91	346	-919	1	
1	140375	-14180	-4564	7424	28	358	-869	1	
1	140423	-14076	-4332	7376	4	360	-806	1	
1	140471	-14148	-4448	7544	-64	421	-764	1	
1	140519	-14080	-4436	7572	-132	467	-741	1	
1	140567	-14284	-4420	7640	-140	557	-712	1	
1	140616	-14120	-4432	7500	-103	625	-684	1	
1	140664	-14240	-4312	7636	-85	726	-649	1	
1	140712	-14188	-4336	7376	-185	775	-622	1	
1	140760	-14036	-4300	7228	-98	821	-632	1	
1	140809	-14192	-4368	7404	-81	876	-621	1	
1	140857	-14208	-4376	7036	-139	883	-627	1	
1	140905	-14092	-4408	6824	-345	887	-602	1	
1	140953	-14016	-4332	6836	-549	847	-585	1	
1	141002	-13972	-4268	6508	-740	722	-600	1	
1	141050	-13900	-3940	6232	-1057	522	-574	1	
1	141099	-13816	-3676	5856	-1468	274	-620	1	
1	141147	-13852	-3696	5208	-1901	-62	-663	1	
1	141196	-14040	-3728	4844	-2259	-493	-769	1	
1	141244	-14052	-4044	4484	-2430	-931	-856	1	
1	141293	-14532	-4320	4152	-2382	-1463	-936	1	
1	141342	-14344	-4692	3808	-2482	-1985	-931	1	
1	141391	-14548	-5296	3408	-2679	-2572	-896	1	
1	141439	-14384	-5644	3136	-2666	-3178	-520	1	
1	141488	-14920	-6004	2576	-2452	-3864	-675	1	
1	141537	-14080	-6340	2184	-2173	-4623	-478	1	
1	141586	-18736	-7264	2040	-1848	-5616	-354	1	
1	141635	-22880	-7760	2068	-1355	-6494	-219	1	
1	141683	-21264	-9104	1372	-532	-7549	-83	1	
1	141732	-19804	-9652	1936	485	-9171	-328	1	
0	141780	-20720	-9152	-304	1240	-10312	-495	0	
0	141829	-21236	-7452	-4408	1335	-11601	-1526	0	
0	141878	-22568	-7672	304	2972	-12735	-609	0	
0	141927	-21068	-8028	704	4297	-14008	-440	0	
0	141976	-18992	-8224	2000	4537	-14855	183	0	
0	142024	-17092	-8304	4120	5096	-15321	530	0	
0	142073	-14544	-8500	6660	6074	-14852	932	0	
0	142122	-13008	-8396	8620	7209	-14118	1770	0	
0	142171	-11972	-8092	9720	8202	-12380	2527	0	
0	142220	-10912	-7456	9976	8374	-10251	3134	0	
0	142269	-9504	-6740	9704	8127	-7972	3983	0	
0	142318	-7624	-6216	9440	8232	-5987	4693	0	
0	142366	-7576	-4204	8980	8724	-3623	5379	0	
0	142415	-7916	-5772	11176	10175	-1438	5905	0	
0	142464	-7796	-2968	6804	11472	-1234	6155	0	
0	142513	-6704	-2204	13160	11631	151	5837	0	
0	142561	-7748	-1228	10764	12634	2360	5723	0	
0	142610	-8404	-772	10712	10603	4016	5103	0	
0	142659	-8456	-1028	10668	8792	5095	4521	0	
0	142708	-9096	-700	10552	7581	5274	3948	0	
0	142756	-10392	-372	10348	6355	4884	3447	0	
0	142805	-11896	0	9408	4867	4281	2970	0	
0	142853	-13348	-4	9688	4834	3180	2709	0	
0	142901	-14668	-192	10572	5285	2129	2507	0	
0	142950	-15308	-112	10984	5391	951	2269	0	
0	142999	-15584	-712	11084	5358	-171	2161	0	
0	143047	-15864	-788	11196	5077	-1201	2101	0	
0	143096	-15588	-560	11920	4908	-2186	1988	0	
0	143145	-14752	-204	12344	4782	-3011	1889	0	
0	143194	-13908	176	13084	4511	-3613	1851	0	
0	143242	-12512	332	13644	4173	-3959	1852	0	
0	143291	-11452	404	14496	3586	-4071	1836	0	
0	143340	-10732	528	14912	3177	-3964	1780	0	
0	143389	-10080	552	15668	2368	-3688	1679	0	
0	143437	-9656	764	15528	1569	-3270	1571	0	
0	143486	-9420	960	15696	739	-2806	1401	0	
0	143534	-9156	1160	15196	-214	-2339	1187	0	
0	143583	-9340	1276	14564	-1304	-1751	933	0	
0	143631	-9484	1136	14136	-2024	-1122	597	0	
0	143680	-10056	900	13612	-2458	-404	199	0	
0	143728	-10604	432	13092	-3114	259	-263	0	
0	143777	-11284	56	12396	-3804	877	-1014	0	
0	143825	-11712	-188	11716	-4290	1361	-1315	0	
0	143874	-12028	-600	10600	-4727	1748	-1818	0	
0	143923	-12440	-1288	9992	-5209	1984	-2260	0	
0	143972	-12716	-2000	9136	-5573	2120	-2632	0	
0	144020	-13120	-2648	8608	-5617	2186	-2926	0	
0	144069	-13560	-3388	8256	-5431	2197	-3172	0	
0	144118	-13952	-3908	7788	-5187	2172	-3350	0	
0	144167	-14376	-4400	7676	-4980	2154	-3467	0	
0	144216	-14780	-4860	7448	-4707	2105	-3548	0	
0	144265	-14936	-5116	7028	-4259	2082	-3571	0	
0	144314	-15064	-5348	6860	-3886	1959	-3556	0	
0	144362	-14968	-5472	6560	-3525	1825	-3459	0	
0	144411	-15184	-5720	6232	-3197	1611	-3261	0	
0	144460	-15260	-5872	6220	-2875	1303	-2969	0	
0	144509	-15244	-6164	5952	-2441	993	-2653	0	
0	144558	-15312	-6488	5880	-1945	622	-2298	0	
0	144606	-15264	-6664	5592	-1484	244	-1966	0	
0	144655	-15416	-6752	5432	-985	-114	-1633	0	
0	144703	-15224	-6776	5720	-357	-437	-1280	0	
0	144752	-15100	-6396	6040	224	-669	-967	0	
0	144800	-15000	-6232	6352	618	-839	-661	0	
0	144848	-14776	-5964	6848	1051	-1026	-471	0	
0	144897	-14536	-5600	7016	1463	-1104	-253	0	
0	144946	-14288	-5228	7272	1759	-1192	-65	0	
0	144994	-14192	-4668	7616	2026	-1284	95	0	
0	145042	-14160	-4692	8024	2226	-1385	189	0	
0	145091	-14020	-3796	8608	2171	-1465	249	0	
0	145139	-14040	-3988	8304	2351	-1791	307	0	
0	145188	-13680	-3960	8584	2483	-1674	381	0	
0	145237	-13488	-3704	8772	3066	-1696	436	0	
0	145285	-13244	-3444	9120	3059	-1629	413	0	
0	145334	-12852	-3268	9360	3067	-1283	1	0	
0	145382	-12900	-3140	9312	2894	-1369	68	0	
0	145430	-12804	-3000	9316	2755	-1210	-112	0	
0	145479	-12796	-2632	9640	2311	-1023	-250	0	
0	145528	-12820	-2332	9584	2049	-839	-386	0	
0	145576	-12864	-2568	9768	1795	-731	-534	0	
0	145625	-12656	-2468	9660	1671	-587	-709	0	
0	145673	-12684	-2540	9740	1330	-459	-813	0	
0	145721	-12752	-2576	9824	919	-316	-877	0	
0	145770	-12680	-2744	9684	271	-177	-895	0	
0	145818	-12716	-2796	9968	230	-61	-875	0	
0	145866	-12780	-2952	9732	-73	-11	-796	0	
0	145914	-12964	-3120	9508	-406	43	-515	0	
0	145962	-13120	-3100	9492	-648	83	-680	0	
0	146010	-13236	-3140	9340	-925	54	-623	0	
0	146058	-13536	-3168	8984	-1097	53	-562	0	
0	146106	-13604	-3208	9032	-1054	56	-494	0	
0	146154	-13772	-3408	9068	-1192	49	-443	0	
0	146203	-13932	-3528	8912	-1144	70	-398	0	
0	146251	-14172	-3648	8772	-1137	40	-424	0	
0	146299	-14256	-3696	8416	-1194	10	-440	0	
0	146347	-14264	-3820	8148	-1191	11	-500	0	
0	146395	-14212	-3724	8168	-1535	-47	-544	0	
0	146444	-14080	-3696	7448	-1374	-177	-590	0	
0	146492	-14064	-4020	7528	-1391	-312	-562	0	
0	146541	-13988	-4088	7428	-1395	-485	-507	0	
0	146589	-13980	-4344	7284	-1329	-609	-438	0	
0	146638	-13824	-4548	7176	-1160	-721	-371	0	
0	146686	-13860	-4692	7108	-961	-778	-326	0	
0	146735	-13688	-4868	7296	-799	-756	-195	0	
0	146783	-13664	-4980	7344	-718	-642	-123	0	
0	146831	-13548	-4976	7656	-548	-475	-59	0	
0	146879	-13360	-4768	7916	-389	-276	-26	0	
0	146928	-13432	-4244	8052	-384	-103	3	0	
0	146975	-13364	-4088	8416	-476	31	65	0	
0	147023	-13348	-3824	8560	-511	20	111	0	
0	147071	-13080	-3704	8748	-448	42	152	0	
0	147119	-12804	-3560	8880	-389	29	187	0	
0	147167	-12368	-3656	9084	-458	31	193	0	
0	147215	-12048	-3416	9260	-623	72	180	0	
0	147263	-11876	-3376	9380	-962	207	105	0	
0	147311	-11976	-3000	9508	-1352	417	76	0	
0	147359	-11848	-2744	9704	-1905	721	16	0	
0	147407	-12384	-2724	10116	-2383	1116	-25	0	
0	147456	-12428	-2668	10164	-2727	1491	-99	0	
0	147505	-12476	-3072	10404	-3021	1966	-145	0	
0	147554	-12728	-2972	10444	-3313	2443	-236	0	
0	147602	-16548	-3220	8308	-3501	2934	-330	0	
0	147651	-16368	-3660	8640	-3211	2104	-991	0	
1	147700	-13096	-3004	7140	-3218	2154	-1213	1	
1	147749	-8392	-2152	6804	-3472	2370	138	1	
1	147797	-16916	-3524	9464	-3252	2144	-2181	1	
1	147846	-17248	-4136	8776	-2238	2372	-1905	1	
1	147895	-16936	-4972	9112	-2609	2625	-1887	1	
1	147944	-15620	-4896	8500	-2353	2756	-1969	1	
1	147993	-15136	-5184	8584	-806	2882	-2031	1	
1	148042	-14856	-5172	8628	101	3010	-1432	1	
1	148090	-17768	-5416	7716	393	2824	-1206	1	
1	148139	-13776	-5080	6836	410	2893	-1011	1	
1	148188	-13676	-5148	6688	772	2767	-837	1	
1	148236	-13980	-4908	6484	1204	2308	-662	1	
1	148285	-14064	-5028	6096	1110	2342	-521	1	
1	148334	-13908	-5240	6044	1115	2035	-372	1	
1	148383	-14096	-5364	5688	1393	1761	-301	1	
1	148431	-14300	-5596	6012	1630	1516	-199	1	
1	148480	-14284	-5588	6148	1937	1391	-127	1	
1	148529	-14580	-5416	5768	2069	1380	-99	1	
1	148577	-14264	-5472	6052	2123	1326	-58	1	
1	148626	-15140	-5264	5780	2436	1212	129	1	
1	148674	-14236	-5772	5608	2883	1116	351	1	
1	148723	-14336	-5884	5864	3313	1004	360	1	
1	148772	-15612	-5132	5140	3242	1196	157	1	
1	148820	-14188	-4856	5104	2765	1870	-252	1	
1	148869	-14492	-4624	6188	3013	2096	-117	1	
1	148918	-14300	-6012	5536	4042	1415	229	1	
1	148966	-12140	-6488	3076	4729	1818	-239	1	
1	149015	-17460	-6092	8140	3902	1342	-129	1	
1	149064	-13008	-6364	3960	3872	1564	331	1	
1	149113	-13640	-7508	6920	5112	1565	498	1	
1	149161	-15684	-6440	6396	5291	1240	177	1	
1	149210	-15272	-5364	5768	4539	1276	50	1	
1	149258	-15276	-5832	8528	5107	415	-254	1	
1	149307	-15384	-4012	4440	4226	2038	-201	1	
1	149356	-15452	-4804	9816	4723	1131	-145	1	
1	149404	-13356	-4284	5792	5288	1322	331	1	
1	149453	-14660	-7416	9356	6347	840	499	1	
1	149501	-15860	-4664	5828	6375	959	512	1	
1	149550	-12708	-6328	8140	5816	2222	557	1	
1	149599	-13596	-4844	4800	6438	869	567	1	
1	149647	-17044	-3544	9040	6275	640	783	1	
1	149696	-11100	-3008	6736	6374	2003	326	1	
1	149744	-18728	-2764	10520	6643	326	751	1	
1	149793	-13272	-2552	5812	6847	1110	614	1	
1	149841	-14656	-2412	7104	6989	1714	280	1	
1	149890	-11920	-3704	10644	7294	1133	340	1	
1	149939	-13620	-4048	6300	6419	1295	121	1	
1	149988	-13512	-1264	3876	7301	534	-153	1	
1	150036	-13016	648	5524	5570	1831	-108	1	
1	150085	-16596	-1652	16740	7014	692	-223	1	
1	150133	-10344	-3300	9844	6421	1653	-18	1	
1	150182	-13064	-2740	11408	6076	1221	-336	1	
1	150231	-13600	-2640	7764	6035	896	-344	1	
1	150279	-10980	-2120	13528	5827	356	237	1	
1	150328	-15400	-2056	10744	5929	713	28	1	
1	150376	-13132	-2232	9332	5284	854	-173	1	
1	150425	-12680	-2792	9624	4329	1041	-376	1	
1	150474	-14892	-496	9964	4339	926	-271	1	
1	150522	-8656	-2544	7584	4969	1223	-815	1	
1	150570	-15716	176	10860	4180	507	-1026	1	
1	150619	-10640	276	6188	3960	1525	-1052	1	
1	150668	-11820	-2808	13252	4213	1318	-1394	1	
1	150717	-15284	-484	10748	3941	555	-1517	1	
1	150765	-13800	-1632	10168	4000	698	-1102	1	
1	150814	-13212	-2076	12096	3406	1042	-928	1	
1	150863	-12848	-1248	11196	3516	920	-756	1	
1	150912	-13580	-2792	10208	3450	905	-289	1	
1	150961	-13220	-2952	11320	3288	1076	-76	1	
1	151010	-13192	-2308	10144	2561	986	142	1	
1	151058	-13688	-2228	10044	2714	880	467	1	
1	151107	-13152	-1588	10180	2862	930	702	1	
1	151155	-13060	-2084	10428	2753	718	1029	1	
1	151204	-13076	-2220	9816	2706	588	1251	1	
1	151253	-13636	-2028	9424	2438	646	1165	1	
1	151302	-13796	-1792	8988	1727	772	921	1	
1	151350	-13904	-1804	8576	1089	941	637	1	
1	151399	-14252	-1992	8288	1065	1047	390	1	
1	151447	-14020	-2300	7776	873	1065	184	1	
1	151496	-14200	-2724	7636	626	981	44	1	
1	151544	-14056	-2916	7704	353	952	-47	1	
1	151592	-13956	-3196	7448	137	847	-74	1	
1	151640	-14084	-3368	7056	-114	726	-52	1	
1	151688	-14000	-3536	7024	-298	602	-38	1	
1	151736	-13972	-3608	6948	-764	433	24	1	
1	151784	-13648	-3720	6756	-712	239	69	1	
1	151832	-13788	-3792	6680	-1270	-28	149	1	
1	151881	-13964	-3992	6480	-1287	-293	284	1	
1	151929	-13868	-4480	6336	-1500	-559	368	1	
1	151978	-13940	-4684	6304	-1685	-900	568	1	
1	152026	-13824	-5256	6320	-1738	-1208	818	1	
1	152075	-13972	-5188	6528	-1604	-1503	1165	1	
1	152124	-13956	-5408	7080	-1331	-2040	1469	1	
1	152173	-13980	-5340	6904	-1347	-1998	1854	1	
1	152222	-14036	-5372	7048	-1597	-2165	2185	1	
1	152271	-14264	-5040	7360	-1739	-2313	2506	1	
1	152320	-14424	-4824	7212	-1826	-2467	2772	1	
1	152369	-14400	-4104	7380	-1932	-2536	3013	1	
1	152418	-14408	-3832	7392	-2231	-2629	3187	1	
1	152467	-14288	-3552	7228	-2964	-2698	3267	1	
1	152516	-14348	-3340	7272	-3873	-3065	3285	1	
1	152565	-13664	-3052	7124	-4900	-2941	3286	1	
1	152614	-14400	-3124	7180	-5762	-3100	3272	1	
1	152663	-20216	-3380	7352	-6356	-3403	3218	1	
1	152712	-20556	-4040	6708	-6701	-3780	3237	1	
1	152761	-18816	-5004	6316	-6825	-4263	3371	1	
1	152810	-18080	-5288	4992	-6338	-5010	3717	1	
1	152859	-17680	-5760	4808	-6215	-5892	3902	1	
1	152908	-13540	-5372	4460	-6042	-6936	3267	1	
1	152957	-18408	-5852	3308	-7652	-7550	3998	1	
1	153006	-19304	-6164	3560	-9018	-8301	3734	1	
1	153055	-18476	-6824	3372	-9875	-8644	3488	1	
1	153104	-17756	-6924	4340	-8767	-8741	3394	1	
1	153152	-17128	-6860	5196	-6917	-8544	3333	1	
1	153201	-16056	-6476	5436	-5840	-8082	3273	1	
1	153250	-14976	-6064	5748	-4673	-7419	3256	1	
1	153299	-13908	-5580	5716	-3627	-6708	3349	1	
1	153348	-11968	-5400	5932	-2523	-5948	3494	1	
1	153397	-10936	-5084	6148	-1616	-5177	3644	1	
1	153446	-10240	-4988	6544	-884	-4390	3793	1	
1	153495	-9808	-4620	7344	-443	-3651	3859	1	
1	153544	-9696	-4088	7632	-184	-2929	3941	1	
1	153592	-9496	-3512	8500	-294	-2205	4002	1	
1	153641	-9452	-2932	8612	-500	-1676	4057	1	
1	153689	-9416	-2328	9200	-534	-1155	4067	1	
1	153738	-9588	-1444	10572	-1094	-749	3819	1	
1	153787	-9848	-500	10564	-2238	-420	3542	1	
1	153835	-10184	0	11332	-3417	-313	3248	1	
1	153884	-10352	20	11744	-4186	-396	3100	1	
1	153932	-10684	300	12312	-4740	-655	2962	1	
1	153981	-11028	444	12740	-5082	-1053	2860	1	
1	154030	-11648	664	13408	-5210	-1571	2770	1	
1	154079	-12092	880	13764	-5262	-2091	2686	1	
1	154127	-12332	992	13616	-5287	-2632	2546	1	
1	154176	-12232	904	13300	-5270	-3121	2375	1	
1	154225	-11904	692	12760	-5240	-3494	2104	1	
1	154274	-11708	348	12316	-5040	-3755	1813	1	
1	154323	-11520	-160	12240	-4826	-3879	1469	1	
1	154372	-11140	-532	12008	-4370	-3590	1113	1	
1	154421	-10952	-888	12260	-4054	-3708	798	1	
1	154470	-10864	-1028	12400	-3635	-3516	506	1	
1	154519	-11192	-1084	12300	-3410	-3290	275	1	
1	154568	-11260	-972	12252	-3575	-3029	149	1	
1	154617	-11116	-848	12188	-3449	-2836	129	1	
1	154665	-11072	-992	12128	-3202	-2621	183	1	
1	154714	-11480	-1096	11768	-3185	-2459	186	1	
1	154763	-11776	-1296	11992	-3605	-2192	143	1	
1	154812	-12488	-1576	12056	-3483	-1903	8	1	
1	154861	-13208	-1576	12008	-3514	-1498	-132	1	
1	154910	-14008	-1572	11560	-3482	-1008	-304	1	
1	154959	-14456	-1948	11728	-3208	-451	-534	1	
1	155008	-15140	-1984	11424	-2564	69	-737	1	
1	155056	-15424	-2104	10956	-2488	540	-1001	1	
1	155105	-15484	-2508	10172	-2189	959	-1233	1	
1	155154	-15456	-2708	9480	-1840	1251	-1449	1	
1	155203	-15020	-3080	8944	-1497	1357	-1664	1	
1	155252	-14536	-3100	8400	-1228	1348	-1856	1	
1	155301	-14064	-3456	7892	-975	1264	-1988	1	
1	155350	-13492	-3696	7408	-653	1081	-2048	1	
1	155398	-13184	-3784	6972	-432	874	-2063	1	
1	155447	-13196	-3640	6808	-309	675	-2036	1	
1	155496	-13008	-3676	6704	-111	507	-2015	1	
1	155544	-13048	-3768	6916	169	381	-1972	1	
1	155593	-13304	-3896	6796	480	329	-1885	1	
1	155641	-13316	-3992	6848	643	340	-1818	1	
1	155690	-13656	-4012	7128	675	336	-1788	1	
1	155738	-14212	-4000	7268	636	281	-1811	1	
1	155787	-14564	-3784	7524	663	176	-1851	1	
1	155835	-14916	-3696	7904	765	40	-1827	1	
1	155883	-14956	-3696	7992	894	-130	-1813	1	
1	155932	-14784	-3816	8188	1176	-276	-1759	1	
1	155981	-14796	-3804	8360	1236	-431	-1706	1	
1	156030	-14364	-3952	8668	1291	-763	-1720	1	
1	156078	-14524	-4008	8996	1652	-576	-1653	1	
1	156127	-14328	-3656	9100	1752	-582	-1585	1	
1	156176	-14136	-3692	9352	1775	-541	-1464	1	
1	156225	-13904	-3516	8996	1593	-476	-1313	1	
1	156273	-13728	-3380	9328	1251	-393	-1202	1	
1	156322	-13604	-3476	9384	958	-336	-1106	1	
1	156371	-13328	-3624	9000	841	-307	-1090	1	
1	156419	-13232	-3620	8856	842	-274	-1090	1	
1	156468	-13100	-3788	8616	889	-233	-1145	1	
1	156516	-12920	-3792	8800	932	-156	-1239	1	
1	156565	-12848	-3788	9088	921	-58	-1312	1	
1	156613	-12760	-3660	9244	889	72	-1358	1	
1	156662	-12852	-3544	9348	799	162	-1331	1	
1	156710	-12924	-3548	9400	687	235	-1294	1	
1	156759	-13064	-3636	9432	594	311	-1232	1	
1	156807	-13120	-3728	9512	590	415	-1210	1	
1	156856	-13168	-3988	9288	612	545	-1165	1	
1	156904	-13252	-4056	9524	711	674	-1119	1	
1	156953	-13256	-4068	9292	856	814	-1059	1	
1	157001	-13096	-4004	9292	958	923	-1040	1	
1	157050	-13112	-3940	9200	1040	1276	-1027	1	
1	157099	-13200	-3836	9160	1078	1079	-1032	1	
1	157148	-13216	-3816	9248	1091	1110	-1011	1	
1	157197	-13284	-3760	9212	1162	1130	-964	1	
1	157245	-13280	-3668	9128	1249	1132	-962	1	
1	157294	-13396	-3692	9000	1350	1163	-973	1	
1	157343	-13356	-3712	8932	1284	1221	-985	1	
1	157391	-13324	-3720	8940	1169	1280	-978	1	
1	157440	-13256	-3556	8760	1051	1299	-925	1	
1	157489	-13216	-3532	8816	849	1301	-858	1	
1	157537	-13040	-3372	8852	595	1291	-749	1	
1	157586	-13116	-3280	9012	384	1284	-662	1	
1	157634	-13056	-3324	9152	195	1268	-552	1	
1	157683	-13052	-3224	9184	35	1295	-419	1	
1	157731	-13024	-3224	9240	-179	1315	-319	1	
1	157780	-12924	-3176	9184	-405	1371	-245	1	
1	157828	-12740	-3060	9320	-658	1428	-189	1	
1	157877	-12684	-3044	9328	-908	1506	-127	1	
1	157925	-12640	-3008	9300	-1221	1637	-33	1	
1	157974	-12632	-3152	9424	-1505	2042	10	1	
1	158023	-12568	-3164	9540	-2047	1945	47	1	
1	158071	-12684	-3204	9560	-2054	2118	111	1	
1	158120	-12696	-3256	9424	-2184	2314	109	1	
1	158168	-12888	-3324	9436	-2203	2512	109	1	
1	158217	-13176	-3724	9412	-2331	2768	108	1	
1	158266	-14872	-3856	9488	-2460	2944	-6	1	
1	158314	-21988	-3812	11976	-1952	2267	-476	1	
1	158363	-16496	-4000	7188	-1592	2091	-656	1	
1	158412	-13512	-4172	7872	-306	2063	-733	1	
1	158461	-12928	-4148	7740	574	2121	-757	1	
1	158509	-12912	-4372	7816	342	2257	-779	1	
1	158558	-7944	-3312	7980	-371	2352	-193	1	
1	158606	-14604	-5064	8904	-722	2766	-914	1	
1	158654	-15904	-4540	8120	-1031	2623	-708	1	
1	158703	-15608	-4484	8392	-920	2656	-525	1	
1	158752	-15292	-4392	8400	-72	2625	-325	1	
1	158800	-15284	-4416	7804	958	2596	-212	1	
1	158849	-15408	-4660	7240	1479	2545	-170	1	
1	158898	-14572	-4780	6692	1847	2579	-180	1	
1	158946	-14456	-4980	6548	2092	2524	-177	1	
1	158995	-14260	-5020	6596	2246	2474	-101	1	
1	159044	-18216	-5500	6192	2495	2396	-82	1	
1	159092	-14792	-4912	5996	2309	2264	-15	1	
1	159141	-14604	-5124	6208	2746	2326	195	1	
1	159189	-14464	-4924	6132	3098	2243	310	1	
1	159238	-15104	-5144	6012	3130	2159	410	1	
1	159287	-14432	-4124	5312	2562	2305	268	1	
1	159335	-16084	-4412	6156	2545	2240	342	1	
1	159384	-13956	-4832	4812	3013	2582	558	1	
1	159433	-14564	-5760	5548	3901	2274	683	1	
1	159481	-15028	-6408	5472	3965	1723	874	1	
1	159530	-14724	-5844	3248	3906	2012	557	1	
1	159579	-15032	-4756	2676	3704	2178	143	1	
1	159627	-16584	-5644	5788	3766	1605	165	1	
1	159676	-14956	-4780	3848	4663	1685	-15	1	
1	159724	-16876	-5160	5612	4869	1666	-235	1	
1	159773	-14132	-5576	6848	5756	799	-370	1	
1	159822	-15920	-4344	4064	5312	1822	-741	1	
1	159870	-16468	-6376	6736	5911	1589	-792	1	
1	159919	-14900	-7368	4740	6757	1862	-918	1	
1	159968	-15092	-6436	8852	6992	1449	-1190	1	
1	160017	-18992	-5184	13464	7237	1619	-1587	1	
1	160066	-13680	-5256	5076	7468	2183	-1772	1	
1	160115	-15580	-5180	9008	7832	2036	-1691	1	
1	160164	-10776	-6592	6896	9398	1349	-2297	1	
1	160213	-13472	-4272	4028	7515	2159	-2387	1	
1	160262	-12516	-3024	12116	8137	2141	-2751	1	
1	160311	-17292	-1068	336	7638	2184	-2931	1	
1	160360	-13248	-3800	10468	7885	1851	-2722	1	
1	160409	-11152	-5996	6288	8407	2141	-2631	1	
1	160458	-17948	-308	8512	6949	2211	-2831	1	
1	160506	-13424	-420	3900	7582	1463	-2869	1	
1	160555	-14996	-908	7444	6743	2240	-2787	1	
1	160604	-11048	-852	12136	7254	1565	-2922	1	
1	160653	-13488	-576	5656	6632	1996	-3043	1	
1	160701	-13752	-2708	3092	6359	641	-2475	1	
1	160750	-10988	-3888	12284	7439	1633	-2394	1	
1	160799	-16244	-2240	15248	6192	1461	-1824	1	
1	160848	-14224	-2728	18748	6940	1581	-1487	1	
1	160898	-14972	-5080	14580	7624	1472	-651	1	
1	160946	-12184	-3524	14364	8189	885	312	1	
1	160995	-11144	-6836	9056	7221	1404	1309	1	
1	161044	-12568	-1128	8304	8214	951	1055	1	
1	161093	-14488	-972	11592	6436	1199	1438	1	
1	161141	-9028	-364	5796	6617	1336	1361	1	
1	161190	-15688	2016	12192	5661	49	1370	1	
1	161238	-11340	-1012	12056	5736	553	1625	1	
1	161287	-10568	1216	11788	5272	642	1156	1	
1	161336	-12404	2100	12220	4188	634	563	1	
1	161385	-12700	1408	12948	3202	259	512	1	
1	161433	-11516	864	13432	2954	329	600	1	
1	161482	-11944	216	14100	2855	-236	974	1	
1	161530	-12052	228	13076	2362	-230	1014	1	
1	161579	-12300	496	13472	1192	178	806	1	
1	161627	-12812	340	12816	385	613	544	1	
1	161675	-13892	276	11648	-380	1131	75	1	
1	161723	-14344	8	11136	-821	1673	-443	1	
1	161771	-14208	-152	10568	-999	2169	-934	1	
1	161820	-14140	-620	9728	-1301	2814	-1403	1	
1	161869	-14176	-1220	8896	-1806	2846	-2041	1	
1	161918	-14096	-1804	8000	-2259	2933	-2122	1	
1	161967	-14024	-2396	7124	-2545	2867	-2556	1	
1	162016	-14112	-3084	6468	-2609	2696	-2386	1	
1	162065	-14192	-3688	5896	-2463	2466	-2379	1	
1	162114	-14156	-4124	5552	-2224	2148	-2276	1	
1	162163	-14068	-4600	5248	-2006	1744	-2112	1	
1	162212	-14068	-4520	5240	-1826	1315	-1890	1	
1	162261	-14016	-4408	5056	-1702	883	-1658	1	
1	162309	-14072	-4344	5004	-1698	372	-1455	1	
1	162358	-14252	-3780	5392	-1763	-100	-1309	1	
1	162407	-14164	-3240	5448	-1876	-535	-1025	1	
1	162456	-14432	-2968	5728	-1945	-934	-1249	1	
1	162505	-14072	-2676	6452	-2082	-1205	-1321	1	
1	162554	-14444	-2376	6964	-2165	-1457	-1398	1	
1	162603	-14516	-1952	7836	-2477	-1596	-1511	1	
1	162652	-14072	-1712	8420	-3125	-1645	-1675	1	
1	162701	-13708	-1212	8920	-3884	-1611	-1847	1	
1	162750	-14292	-616	9784	-4754	-1543	-1922	1	
1	162799	-18180	-1112	10468	-5380	-1776	-1830	1	
1	162848	-16380	-1336	9984	-5846	-1836	-1944	1	
1	162897	-18620	-1336	11520	-6917	-2529	-2004	1	
1	162946	-17424	-1596	10820	-7183	-2985	-1319	1	
1	162995	-15336	-1576	10948	-6719	-3748	-912	1	
1	163044	-17176	-3144	11432	-6174	-4371	927	1	
1	163093	-14280	-2760	11404	-6844	-5159	940	1	
1	163142	-17620	-2516	13796	-7096	-6638	1709	1	
1	163191	-17504	-1764	13448	-7711	-7711	2050	1	
1	163241	-16700	-1012	13828	-7764	-9286	2993	1	
1	163290	-15744	-392	14104	-6909	-10932	4003	1	
1	163339	-14632	-384	14448	-5640	-12650	5140	1	
1	163388	-13424	-388	14656	-5273	-14206	6270	1	
1	163437	-12168	-720	14728	-5013	-15717	7650	1	
1	163486	-11184	-896	14876	-4963	-17021	8679	1	
1	163536	-9860	-900	15016	-4362	-18123	9389	1	
1	163585	-8420	-360	15368	-4182	-19425	10374	1	
1	163634	-6932	160	15392	-4138	-20109	11393	1	
1	163683	-5580	780	15888	-4758	-20799	12336	1	
1	163732	-4876	1036	16116	-5772	-21498	13323	1	
1	163781	-4456	1212	16200	-6794	-21382	14106	1	
1	163831	-4512	1788	16308	-7475	-21325	14753	1	
1	163880	-4524	1616	15916	-8404	-20947	15169	1	
1	163929	-4768	1796	15724	-9458	-20524	15615	1	
1	163979	-5444	1744	15108	-9798	-19949	15372	1	
1	164028	-5948	1684	14616	-10458	-19240	15280	1	
1	164077	-6592	1384	14040	-10938	-18192	15081	1	
1	164127	-7164	568	13308	-11096	-17232	14805	1	
1	164176	-7892	32	13060	-11230	-16012	14345	1	
1	164226	-8768	-576	12832	-11634	-14320	13774	1	
1	164275	-9704	-980	12376	-12123	-12444	12831	1	
1	164324	-10436	-1388	12428	-12204	-10031	12215	1	
1	164374	-11204	-1348	12316	-12088	-8068	11463	1	
1	164424	-11712	-1484	10420	-12013	-5837	10242	1	
1	164473	-11916	-1548	8564	-11713	-3863	9444	1	
1	164522	-12132	-1468	9140	-11455	-2055	8270	1	
1	164572	-12472	-1368	9172	-11319	-18	7036	1	
1	164620	-12988	-1460	8912	-11409	1672	5645	1	
1	164670	-13072	-1600	7860	-11609	3216	4813	1	
1	164719	-13084	-1996	7112	-11598	4230	3779	1	
1	164768	-13524	-2820	6568	-11535	4932	2919	1	
1	164817	-13952	-3320	5528	-11400	5445	2175	1	
1	164866	-14392	-3840	4720	-11071	5564	1488	1	
1	164915	-14912	-4396	4180	-10452	5440	869	1	
1	164964	-15400	-4816	3728	-9924	5243	301	1	
1	165013	-16104	-5320	3288	-9515	5043	-148	1	
1	165061	-16236	-5636	3192	-9433	4871	-540	1	
1	165110	-16524	-6048	2640	-9550	4671	-889	1	
1	165159	-16724	-6652	2676	-9982	4398	-1192	1	
1	165208	-16892	-7132	2312	-9778	3845	-1432	1	
1	165257	-17136	-7528	2636	-9821	3903	-1617	1	
1	165306	-17396	-7744	2644	-9604	3736	-1768	1	
1	165355	-17700	-8196	3028	-9157	3633	-1841	1	
1	165404	-17624	-8320	3392	-8509	3591	-1861	1	
1	165453	-17464	-8372	3864	-7798	3577	-1796	1	
1	165502	-17220	-8456	4056	-6899	3605	-1614	1	
1	165551	-16956	-8392	4720	-6137	3624	-1449	1	
1	165600	-17264	-8148	4740	-5772	3599	-1186	1	
1	165649	-17408	-7640	4780	-5588	3513	-965	1	
1	165698	-17544	-7404	4744	-5087	3370	-722	1	
1	165746	-17408	-7064	4816	-4331	3157	-443	1	
1	165795	-17120	-7100	4780	-3094	2873	-206	1	
1	165844	-16956	-6984	4592	-2071	2661	14	1	
1	165892	-16792	-6948	4484	-1324	2426	212	1	
1	165941	-16780	-7020	4776	-377	2219	316	1	
1	165990	-16548	-6816	5052	410	2023	405	1	
1	166038	-16272	-6384	5072	932	1826	537	1	
1	166087	-15888	-6008	5424	1376	1633	694	1	
1	166135	-15240	-5668	5548	1819	1453	863	1	
1	166184	-15104	-5280	5752	2304	1199	943	1	
1	166233	-15112	-5036	5896	2689	958	1080	1	
1	166281	-15016	-4516	6312	2757	632	1149	1	
1	166330	-14800	-4236	6700	2994	291	1250	1	
1	166379	-14580	-4000	7152	3571	-57	1330	1	
1	166427	-14408	-3764	7456	3604	-340	1384	1	
1	166476	-14192	-3696	7848	4088	-536	1389	1	
1	166525	-13984	-3408	8476	4032	-628	1339	1	
1	166573	-13596	-3284	9044	4052	-555	1355	1	
1	166622	-13228	-3068	9668	4024	-358	1314	1	
1	166670	-12804	-2704	10076	3834	-56	1230	1	
1	166719	-12780	-2380	10244	3535	296	1123	1	
1	166768	-12628	-2160	10572	3190	660	1001	1	
1	166817	-12808	-1968	10748	2791	986	848	1	
1	166866	-12620	-1676	10956	2524	1318	741	1	
1	166914	-12272	-1416	10888	2322	1538	564	1	
1	166963	-11864	-1364	11148	2232	1779	375	1	
1	167012	-11720	-1076	11172	2130	1947	239	1	
1	167061	-11628	-1172	11280	1721	2101	47	1	
1	167110	-11736	-1000	11024	1062	2165	-91	1	
1	167158	-11832	-948	11312	364	2158	-268	1	
1	167207	-11920	-976	11104	-290	2171	-414	1	
1	167256	-12300	-1132	11260	-941	2178	-554	1	
1	167304	-12300	-1212	11008	-1394	2159	-692	1	
1	167353	-12520	-1568	10816	-1595	2181	-797	1	
1	167402	-12520	-2176	10568	-2044	2273	-930	1	
1	167451	-12680	-2348	10248	-1937	2283	-1062	1	
1	167500	-12600	-2680	9768	-2557	2314	-1211	1	
1	167549	-12640	-3088	9680	-2665	2302	-1357	1	
1	167598	-12920	-3324	9272	-3029	2308	-1486	1	
1	167647	-13476	-3524	9164	-3179	2292	-1611	1	
1	167696	-13928	-3844	8872	-3127	2300	-1736	1	
1	167745	-14328	-3992	8536	-3024	2303	-1843	1	
1	167794	-14476	-4140	8232	-2925	2355	-1938	1	
1	167843	-14508	-4372	7980	-2938	2389	-2018	1	
1	167892	-14300	-4640	7556	-2838	2397	-2118	1	
1	167941	-14280	-4968	7324	-2624	2389	-2208	1	
1	167990	-14576	-5032	7036	-2415	2321	-2323	1	
1	168039	-14408	-5228	6908	-2143	2194	-2389	1	
1	168088	-14524	-5236	6968	-1894	2018	-2428	1	
1	168137	-14480	-5252	6876	-1636	1780	-2355	1	
1	168186	-14464	-5312	7132	-1092	1524	-2258	1	
1	168235	-14332	-5092	7236	-596	1256	-2138	1	
1	168284	-13980	-4916	7532	-229	988	-1952	1	
1	168332	-13700	-4700	7868	-11	741	-1690	1	
1	168381	-13628	-4560	8156	290	538	-1353	1	
1	168429	-13656	-4332	8464	570	308	-1097	1	
1	168478	-13888	-4312	8640	647	134	-839	1	
1	168526	-13720	-3928	8740	659	-17	-620	1	
1	168574	-13752	-4036	8824	722	-143	-382	1	
1	168622	-13764	-4072	8824	989	-238	-174	1	
1	168670	-13860	-3888	8804	1136	-352	8	1	
1	168719	-13752	-3964	8772	1192	-503	142	1	
1	168767	-13624	-4052	8912	1330	-645	511	1	
1	168816	-13548	-3904	9016	1474	-715	360	1	
1	168864	-13484	-3804	9024	1634	-800	492	1	
1	168913	-13548	-3588	9172	1766	-810	547	1	
1	168961	-13548	-3160	9064	1712	-784	625	1	
1	169010	-13412	-3224	9120	1474	-730	613	1	
1	169058	-13048	-3264	9048	1437	-711	601	1	
1	169107	-12924	-3264	9464	1473	-636	549	1	
1	169155	-12776	-3228	9068	1411	-521	429	1	
1	169204	-12828	-3220	9136	1190	-435	295	1	
1	169252	-12636	-3184	9128	932	-283	142	1	
1	169300	-12496	-3028	9368	728	-83	-17	1	
1	169348	-12508	-3120	9112	550	164	-132	1	
1	169397	-12328	-2956	9684	319	442	-253	1	
1	169445	-12152	-2888	9660	-112	720	-407	1	
1	169493	-12096	-3140	9616	-476	1046	-570	1	
1	169542	-12236	-3304	9704	-589	1332	-777	1	
1	169590	-12396	-3296	9520	-743	1610	-959	1	
1	169639	-12620	-3396	9420	-903	1827	-1109	1	
1	169688	-12600	-3540	9284	-973	1956	-1310	1	
1	169737	-12820	-3396	9380	-1055	2141	-1512	1	
1	169785	-12988	-3360	9480	-1151	2242	-1695	1	
1	169834	-13060	-3332	9392	-1137	2332	-2046	1	
1	169883	-13064	-3512	9732	-1185	2474	-1839	1	
0	169932	-21252	-5256	12148	-529	2232	-1964	0	
0	169981	-16072	-2944	7856	-213	1351	-2093	0	
0	170030	-12444	-3040	8708	15	1493	-1591	0	
0	170078	-12944	-3624	9972	952	1504	-1345	0	
0	170127	-12572	-3816	9580	747	1565	-1120	0	
0	170175	-12496	-3940	9420	105	1631	-904	0	
1	170224	-6764	-2788	9828	-498	2290	-2522	1	
1	170272	-13756	-3648	10400	-478	1919	-225	1	
1	170321	-15664	-3392	10100	-729	1883	-715	1	
1	170370	-14476	-2520	9184	-1585	1545	-870	1	
1	170419	-14200	-2220	9064	-1674	1572	-825	1	
1	170467	-13756	-2060	9196	-956	1189	-677	1	
1	170516	-12936	-1644	9096	-619	605	-463	1	
1	170564	-11964	-568	9172	-2284	330	-68	1	
1	170612	-17688	-3740	10340	-2098	407	136	1	
1	170661	-15500	-1796	11100	-2878	-711	-263	1	
1	170710	-11676	-4372	7392	-3500	-628	254	1	
1	170759	-13868	-2044	8376	-1074	-1195	141	1	
1	170807	-15476	-3940	8040	-1673	-1166	760	1	
1	170856	-14100	-4556	7536	-1476	-1155	958	1	
1	170905	-10864	-5220	7744	-1172	-1339	1304	1	
1	170954	-16880	-4424	7204	-1232	-1456	1261	1	
1	171003	-12852	-5140	6132	-1978	-867	1346	1	
1	171051	-16828	-6432	7048	-1136	-985	969	1	
1	171100	-13068	-3740	5020	-1861	-730	533	1	
1	171149	-14800	-5916	6332	-927	-916	1050	1	
1	171197	-15628	-4396	5156	989	-981	533	1	
1	171246	-14748	-4684	5884	-832	-739	552	1	
1	171294	-14016	-5864	6148	-344	-727	457	1	
1	171342	-14436	-5180	5980	-16	-748	182	1	
1	171390	-14828	-4712	5696	-592	-708	10	1	
1	171439	-14376	-4500	5908	-745	-707	43	1	
1	171487	-14024	-4552	6332	-941	-846	247	1	
1	171535	-14440	-5152	6896	-552	-995	331	1	
1	171584	-14356	-5020	7000	-745	-1015	419	1	
1	171632	-14036	-5120	7676	-920	-971	602	1	
1	171681	-13932	-5440	7828	-737	-1005	890	1	
1	171729	-14136	-5472	7792	-763	-1045	1131	1	
1	171778	-13824	-5556	7988	-904	-1109	1179	1	
1	171827	-14504	-5048	7712	-1515	-956	1105	1	
1	171875	-14448	-4992	7808	-1547	-705	1069	1	
1	171924	-12652	-5448	8156	-1319	-418	1291	1	
1	171973	-13788	-5488	8488	-838	-379	1415	1	
1	172022	-13040	-5732	8856	-573	-362	1596	1	
1	172070	-13916	-5212	8636	-330	-543	1725	1	
1	172119	-14600	-5012	8804	-378	-393	2077	1	
1	172167	-12720	-5932	9584	-153	-106	2316	1	
1	172216	-13484	-5236	9508	414	-86	2224	1	
1	172264	-14140	-4628	8620	384	178	2221	1	
1	172313	-13868	-4676	9212	759	599	2098	1	
1	172361	-13024	-4968	9088	655	1068	1922	1	
1	172410	-12408	-5060	9728	737	1306	1732	1	
1	172458	-13848	-4484	9036	1452	1008	1648	1	
1	172507	-12964	-3972	9596	1099	1380	1533	1	
1	172556	-12856	-3928	10324	850	1572	1429	1	
1	172605	-13016	-3824	10704	1215	1392	1425	1	
1	172654	-12488	-4064	9840	1568	1785	1029	1	
1	172703	-12812	-3648	10300	1471	1818	906	1	
1	172752	-12740	-2800	9576	957	2328	5	1	
1	172800	-13740	-2564	10528	866	2617	-245	1	
1	172849	-11992	-3116	9500	1651	2627	-999	1	
1	172897	-12748	-1912	8948	1092	3199	-1653	1	
1	172946	-14560	-896	9168	601	3353	-2315	1	
1	172995	-13936	-1380	8652	1034	3138	-2385	1	
1	173044	-11412	-3348	10180	1936	2664	-2240	1	
1	173093	-11340	-2464	8172	1547	2521	-2707	1	
1	173142	-12092	-952	7960	-68	2321	-3422	1	
1	173190	-11924	260	9296	-890	1832	-3773	1	
1	173238	-14968	476	8460	-1643	1645	-3798	1	
1	173287	-13796	-1392	9272	-1436	1037	-3486	1	
1	173336	-13672	-1776	8840	-950	1144	-3377	1	
1	173385	-13368	-3092	9280	-1428	1126	-3143	1	
1	173434	-12696	-3640	8768	-1727	1055	-3032	1	
1	173483	-13268	-3500	7760	-2424	927	-3054	1	
1	173532	-14764	-2772	7496	-2989	652	-2916	1	
1	173580	-14528	-3628	7076	-2450	412	-2437	1	
1	173629	-14176	-4232	7328	-1813	236	-2042	1	
1	173678	-14808	-4224	7048	-1874	125	-1710	1	
1	173727	-14168	-4572	7272	-1902	73	-1382	1	
1	173775	-14044	-4388	6824	-1282	-93	-1132	1	
1	173824	-14004	-4032	6904	-1307	-266	-915	1	
1	173872	-13808	-3672	6760	-1858	-513	-838	1	
1	173921	-13740	-3420	7052	-2185	-723	-805	1	
1	173970	-13720	-3192	7360	-2367	-936	-833	1	
1	174018	-13824	-3220	7576	-2508	-1054	-913	1	
1	174067	-13828	-3356	7996	-2689	-1146	-1006	1	
1	174116	-14032	-3460	8312	-2680	-1167	-1044	1	
1	174165	-14308	-3952	8408	-2624	-1124	-1030	1	
1	174214	-14604	-4076	8836	-2645	-987	-827	1	
1	174263	-14760	-4456	9048	-2514	-766	-406	1	
1	174311	-14284	-5536	9196	-2502	-478	61	1	
1	174360	-12412	-6908	9076	-1749	-395	670	1	
1	174408	-13908	-5512	8292	-1331	-499	952	1	
1	174457	-13872	-5496	8748	-1661	-480	1355	1	
1	174506	-14692	-4980	8312	-1601	-495	1543	1	
1	174555	-14336	-4736	8272	-1893	-191	1610	1	
1	174603	-15236	-4344	8172	-1856	93	1620	1	
1	174652	-14740	-4336	7944	-1759	533	1966	1	
1	174700	-12708	-6808	8220	-986	652	2523	1	
1	174749	-13608	-6756	7664	-232	413	2532	1	
1	174797	-13088	-5508	6476	-801	538	2211	1	
1	174846	-13472	-4684	6880	-950	421	1904	1	
1	174894	-14600	-3560	6364	-533	42	1842	1	
1	174943	-14640	-4176	6720	-67	-150	2009	1	
1	174991	-13708	-5040	6684	270	-50	2017	1	
1	175039	-14252	-5104	7108	490	-159	1823	1	
1	175088	-14292	-5212	6568	741	-126	1600	1	
1	175136	-14748	-4996	6452	884	28	1353	1	
1	175185	-15084	-4924	5968	1101	185	1175	1	
1	175233	-16256	-6412	5908	1828	197	988	1	
1	175282	-17012	-5496	4896	2794	-230	556	1	
1	175330	-17720	-6192	4928	3338	-754	281	1	
1	175379	-16368	-6092	5088	4206	-961	-168	1	
1	175427	-15180	-6200	4040	5094	-1533	-596	1	
1	175476	-14116	-5652	3612	6126	-1504	-1062	1	
1	175525	-14604	-5980	3792	6016	-1564	-1494	1	
0	175574	-17128	-6064	3136	6227	-2027	212	0	
0	175623	-11008	-4764	3024	6066	-1707	-3135	0	
0	175672	-14204	-5488	6892	6116	-1499	-3376	0	
0	175721	-14940	-3856	5896	5995	-1632	-4056	0	
0	175769	-14248	-3020	6604	5758	-1538	-4322	0	
0	175818	-13760	-2796	7416	5793	-2085	-4490	0	
0	175867	-13488	-2988	8184	6174	-2807	-4563	0	
0	175916	-13228	-3036	8728	6476	-3039	-4606	0	
0	175965	-12960	-3456	9232	6735	-3457	-4575	0	
0	176014	-12540	-3488	9680	6492	-3698	-4455	0	
0	176062	-11968	-3572	10068	5808	-3816	-4345	0	
0	176112	-11352	-3620	10800	5342	-3758	-4184	0	
0	176161	-10756	-3752	11036	5193	-3607	-3964	0	
0	176210	-10560	-3644	11516	4964	-3394	-3646	0	
0	176259	-10592	-3460	11980	4665	-3163	-3218	0	
0	176308	-10652	-3216	12516	4472	-3020	-2706	0	
0	176357	-10548	-3124	13164	4357	-2903	-1796	0	
0	176406	-10384	-3140	13584	4388	-2776	-1346	0	
0	176455	-10384	-3100	14112	4425	-2710	-615	0	
0	176504	-10272	-3008	14344	4496	-2594	129	0	
0	176553	-10328	-2836	14512	4581	-2464	810	0	
0	176601	-10244	-2676	14396	4611	-2290	1381	0	
0	176650	-10028	-2464	14332	4614	-1794	1900	0	
0	176699	-9884	-1892	14048	4492	-1693	2556	0	
0	176748	-9804	-1792	13712	3951	-1207	2588	0	
0	176797	-9848	-1520	13512	3110	-499	2632	0	
0	176846	-10212	-1392	12600	2348	256	2520	0	
0	176894	-10704	-992	12540	1613	958	2238	0	
0	176943	-11100	-760	11956	989	1604	1882	0	
0	176991	-11372	-764	11396	242	2113	1470	0	
0	177040	-11716	-912	11008	-409	2466	1045	0	
0	177089	-12204	-1172	10676	-939	2796	626	0	
0	177137	-12600	-1456	9848	-1502	3322	6	0	
0	177185	-12812	-1684	9084	-2009	3292	-116	0	
0	177234	-13148	-2124	8672	-2530	3537	-476	0	
0	177283	-13516	-2888	8260	-2729	3793	-798	0	
0	177331	-14292	-3560	7868	-2793	4069	-1064	0	
0	177380	-14228	-4000	7528	-2908	4306	-1386	0	
0	177429	-14436	-4756	7376	-3107	4510	-1643	0	
0	177478	-21316	-6708	6276	-3154	4667	-1814	0	
0	177527	-21012	-4936	5012	-2227	2826	-2326	0	
1	177575	-16572	-4968	4660	-1935	2689	-2187	1	
1	177624	-8796	-4804	4064	-1073	2790	233	1	
1	177673	-15080	-5944	7600	574	2096	-1819	1	
1	177722	-15608	-6200	6568	561	1946	-1087	1	
1	177770	-14344	-6300	7096	-276	1768	-928	1	
1	177819	-13824	-5724	7036	-246	1597	-609	1	
1	177868	-14076	-5484	7272	580	1419	-312	1	
1	177916	-14356	-4764	7980	1239	1315	254	1	
1	177965	-14936	-4476	8256	1077	1314	271	1	
1	178013	-20452	-5132	8668	772	1063	360	1	
1	178062	-14392	-3488	6952	928	908	397	1	
1	178110	-13224	-3704	8260	1792	895	529	1	
1	178158	-13884	-3280	8424	2283	881	503	1	
1	178207	-13680	-3124	8212	1919	935	486	1	
1	178255	-13532	-2872	8012	1202	930	375	1	
1	178304	-13632	-2608	8080	678	858	246	1	
1	178352	-13504	-2324	7644	436	690	108	1	
1	178400	-13788	-2180	7528	283	537	-133	1	
1	178448	-13776	-2076	7292	-28	418	-378	1	
1	178497	-13784	-2168	7460	-459	6	-603	1	
1	178545	-13872	-2440	7440	-823	128	-789	1	
1	178593	-13972	-2648	7512	-1058	25	-849	1	
1	178641	-14276	-2928	7784	-1480	-44	-910	1	
1	178690	-14216	-2948	8004	-2183	-117	-914	1	
1	178738	-14196	-3244	7900	-2660	-126	-834	1	
1	178787	-14864	-3592	8008	-2785	-144	-573	1	
1	178836	-14896	-3824	7860	-2605	-144	-300	1	
1	178884	-14696	-4492	7780	-2678	-108	-33	1	
1	178933	-15900	-3844	7212	-3056	63	290	1	
1	178981	-15236	-4928	8336	-2641	228	941	1	
1	179029	-16340	-5168	7788	-1738	241	1689	1	
1	179078	-13112	-5812	8140	-1659	495	3037	1	
1	179127	-14048	-6232	9416	-883	236	3490	1	
1	179175	-13076	-6528	7588	-1099	62	4293	1	
1	179224	-15372	-5800	7892	-1124	-407	4838	1	
1	179273	-14344	-4836	7164	-1876	-146	5401	1	
1	179321	-11156	-5348	9100	-1921	-397	6143	1	
1	179370	-15252	-2856	6968	-1421	-599	6043	1	
1	179419	-14032	-3516	8104	-1609	-217	5634	1	
1	179468	-12924	-3304	9240	-2184	-533	6153	1	
1	179517	-13524	-3392	8716	-870	-902	5866	1	
1	179565	-13180	-5368	7804	-2557	-416	5850	1	
1	179614	-12520	-2348	9640	-2367	-543	5048	1	
1	179663	-11832	-2324	8888	-3032	-121	4862	1	
1	179712	-13824	-4660	9284	-1993	-146	4438	1	
1	179760	-12916	-2468	7876	-2322	-34	2825	1	
1	179809	-13380	-2688	8708	-3758	236	2480	1	
1	179857	-12156	-2668	9448	-3426	410	1755	1	
1	179906	-11552	-3448	9488	-3100	481	1062	1	
1	179955	-11952	-2988	9480	-2907	306	372	1	
1	180003	-12280	-2980	9828	-3201	92	-57	1	
1	180052	-12320	-3500	9756	-3593	-6	-437	1	
1	180100	-12492	-3952	10164	-3560	86	-785	1	
1	180148	-13128	-4280	9960	-2835	339	-1103	1	
1	180197	-13368	-4668	9756	-2644	613	-1347	1	
1	180246	-13292	-5108	9676	-2246	856	-1383	1	
1	180295	-13072	-5700	9372	-1719	1013	-1353	1	
1	180344	-13096	-5964	9144	-1274	1138	-1267	1	
1	180393	-12792	-6112	8720	-960	1187	-1213	1	
1	180441	-13360	-5708	8188	-714	1151	-1167	1	
1	180490	-13216	-6044	8108	-20	1055	-777	1	
1	180538	-12972	-5852	7788	425	894	-958	1	
1	180587	-13428	-5024	7664	800	732	-916	1	
1	180635	-12732	-5360	7892	1528	629	-878	1	
1	180684	-13564	-4096	7668	1595	500	-1041	1	
1	180732	-14780	-3832	7796	1625	340	-885	1	
1	180781	-14104	-4120	8100	1971	137	-463	1	
1	180829	-13416	-5376	8260	2146	21	-510	1	
1	180878	-13440	-4700	7364	1946	171	-570	1	
1	180926	-13064	-3592	7404	1328	472	-1236	1	
1	180975	-14332	-2976	6356	743	689	-2289	1	
1	181023	-16208	-928	6608	-312	968	-2435	1	
1	181072	-13508	-2584	7892	496	523	-2381	1	
1	181120	-15660	-1600	7872	322	586	-2456	1	
1	181169	-13260	-3480	7820	-77	830	-2382	1	
1	181217	-14584	-2264	7904	-1007	1101	-2557	1	
1	181266	-13620	-3312	7956	-838	970	-2811	1	
1	181315	-13856	-2180	6512	-1528	1166	-2806	1	
1	181364	-14972	-2328	7244	-1594	1022	-2810	1	
1	181413	-14768	-2328	7084	-1003	794	-2700	1	
1	181461	-15268	-1988	7656	-1171	766	-2538	1	
1	181510	-14776	-3288	7908	-707	722	-2211	1	
1	181559	-13332	-3744	7180	-703	928	-2190	1	
1	181607	-14204	-3676	7300	-1081	1124	-2393	1	
1	181656	-14424	-1976	7080	-1463	1142	-2617	1	
1	181705	-15832	-2592	7600	-1318	901	-2509	1	
1	181754	-13612	-2532	7056	-886	1521	-2690	1	
1	181803	-15924	-1872	8964	-1760	1276	-2685	1	
1	181852	-13704	-3256	7940	-1397	1297	-1796	1	
1	181901	-13384	-4464	9108	-690	1144	-1758	1	
1	181949	-13944	-3964	7936	-1053	874	-1683	1	
1	181998	-13412	-3308	8408	-1988	907	-1516	1	
1	182047	-13868	-3468	9276	-1831	712	-1341	1	
1	182096	-14528	-3096	8924	-1882	728	-1253	1	
1	182144	-14052	-2760	9196	-2565	987	-1200	1	
1	182193	-13432	-3636	9820	-2804	1161	-1006	1	
1	182242	-13792	-3896	9564	-2488	1064	-915	1	
1	182291	-14176	-3676	9356	-2911	1162	-610	1	
1	182340	-12496	-5244	9952	-2582	1252	-57	1	
1	182388	-13632	-5280	9892	-2547	1222	261	1	
1	182437	-12592	-6372	9068	-2187	1280	635	1	
1	182486	-14200	-4748	8408	-1777	1154	726	1	
1	182535	-13324	-6056	8752	-1406	1263	1291	1	
1	182584	-13592	-5952	8436	-523	1216	1321	1	
1	182632	-13156	-5336	8164	-699	1218	1249	1	
1	182681	-13164	-4316	7940	-704	1088	1318	1	
1	182730	-11868	-4244	8072	-545	844	1559	1	
1	182778	-12752	-5436	8364	36	374	1713	1	
1	182826	-13044	-4516	7660	89	157	1526	1	
1	182875	-11900	-4524	7952	-428	-29	1662	1	
1	182923	-12708	-5628	7956	334	-456	1766	1	
1	182971	-13284	-5312	6968	759	-578	1409	1	
1	183020	-13220	-4712	7228	473	-544	1140	1	
1	183069	-13264	-5116	7644	1019	-646	1299	1	
1	183117	-12992	-5980	7512	1906	-762	1354	1	
1	183166	-13064	-5536	7424	1960	-968	1356	1	
1	183215	-12360	-5680	7448	2345	-1251	1470	1	
1	183263	-12436	-5632	7452	3127	-1570	1516	1	
1	183312	-14088	-5448	7004	3489	-1794	1488	1	
1	183361	-12924	-5532	7040	3561	-1913	1548	1	
1	183410	-12780	-5156	6956	4147	-2156	1600	1	
1	183459	-13956	-5416	7048	5347	-2267	1659	1	
1	183508	-17256	-5312	6172	5125	-2210	1454	1	
1	183557	-14676	-4960	6284	4424	-1517	1202	1	
1	183606	-13564	-5536	6992	4804	-1356	1119	1	
1	183655	-13572	-4972	6188	5982	-1583	1012	1	
1	183704	-13444	-4368	5924	6452	-2057	931	1	
1	183753	-13752	-3636	5752	6004	-2371	822	1	
1	183801	-13940	-3500	6328	5316	-2464	556	1	
1	183850	-14740	-3256	6572	4935	-2494	98	1	
1	183899	-18272	-2924	7080	4883	-2521	-768	1	
1	183947	-18752	-2044	6112	4250	-2444	-1070	1	
1	183996	-17864	-2596	7076	3867	-2488	-1330	1	
1	184045	-15884	-3208	7524	4488	-2519	-1701	1	
1	184094	-15728	-3460	7204	4689	-2382	-2456	1	
1	184143	-14348	-2484	6480	3807	-1928	-3207	1	
0	184192	-14440	-2484	6468	2924	-1427	-4347	0	
0	184241	-14276	-812	8924	2268	-1062	-3714	0	
0	184290	-10984	-2724	7888	1687	-568	-4902	0	
0	184338	-14304	-3324	8740	2218	-85	-5545	0	
0	184387	-15556	-3224	7568	2221	215	-5840	0	
0	184435	-15392	-3668	7064	1287	600	-5958	0	
0	184484	-15328	-4300	7120	1845	903	-5895	0	
0	184532	-15456	-4952	6864	2560	1126	-5724	0	
0	184581	-15444	-5272	6600	3164	1313	-5470	0	
0	184630	-14932	-5864	6492	3623	1431	-5094	0	
0	184679	-14820	-6204	6072	3973	1379	-4640	0	
0	184728	-14516	-6588	5980	4443	1303	-4208	0	
0	184776	-14308	-6660	5892	5038	1093	-3703	0	
0	184825	-14152	-6488	6568	5559	892	-3161	0	
0	184874	-13888	-6348	6756	6115	700	-2515	0	
0	184922	-13668	-6064	7100	6726	553	-1966	0	
0	184971	-13312	-5620	7288	7028	451	-1503	0	
0	185019	-12996	-5124	7760	6908	440	-1183	0	
0	185068	-12532	-4832	7968	6743	418	-890	0	
0	185116	-12100	-4548	8668	6770	405	-659	0	
0	185165	-11764	-4324	8964	6847	404	-493	0	
0	185213	-11572	-4028	9448	6747	358	-355	0	
0	185262	-11476	-3612	10112	6571	326	-307	0	
0	185310	-11268	-3252	10640	6429	250	-293	0	
0	185359	-11212	-2832	11256	6258	228	-270	0	
0	185407	-11136	-2456	11552	5636	239	-272	0	
0	185456	-10824	-2276	11840	5134	314	-280	0	
0	185504	-10732	-2236	12508	4937	435	-352	0	
0	185553	-10856	-2160	12860	4409	575	-423	0	
0	185602	-11072	-2056	13152	3863	746	-507	0	
0	185650	-11124	-1984	13616	3306	947	-581	0	
0	185699	-11000	-1924	13512	2767	1120	-637	0	
0	185748	-10860	-1972	13836	2235	1283	-673	0	
0	185796	-10760	-2060	13732	1780	1457	-705	0	
0	185845	-10456	-1940	13632	1175	1676	-704	0	
0	185894	-10196	-1900	13416	642	1975	-662	0	
0	185943	-9892	-1968	12904	132	2458	-603	0	
0	185991	-9872	-2344	12560	-386	3282	-640	0	
0	186040	-10228	-2564	12432	-924	4176	-770	0	
0	186088	-10624	-2472	11588	-1481	4999	-871	0	
0	186137	-12048	-2640	11040	-1862	5883	-1279	0	
0	186186	-15632	-3056	8844	-2247	5899	-1110	0	
0	186235	-20184	-2864	8140	-1411	4625	-1682	0	
1	186284	-9364	-1972	7960	-1911	4843	-20	1	
1	186332	-15500	-3760	9640	-581	4449	-1518	1	
1	186381	-16816	-4192	7856	-21	4197	-1045	1	
1	186429	-15060	-4648	6648	-1504	3947	-1482	1	
1	186478	-14264	-4624	6304	-1315	3621	-1426	1	
1	186527	-17652	-5160	4972	-652	3141	-1195	1	
1	186576	-17796	-4164	5480	-55	1936	-1186	1	
1	186625	-13784	-5288	4924	-306	1777	-762	1	
1	186673	-14580	-4624	6176	209	1349	-491	1	
1	186722	-13652	-4704	5176	464	992	67	1	
1	186770	-11348	-5048	6232	390	339	684	1	
1	186818	-15852	-6392	6240	677	-418	1157	1	
1	186867	-13284	-3552	5156	-173	-414	747	1	
1	186915	-15068	-3328	6288	-1165	-815	923	1	
1	186963	-14276	-2728	5960	-407	-882	935	1	
1	187012	-13012	-1888	6720	-332	-1225	1253	1	
1	187061	-13612	-4016	8000	49	-2026	1761	1	
1	187109	-15152	-3732	6456	-119	-1869	1149	1	
1	187158	-12640	-1956	7144	-2752	-1786	574	1	
1	187207	-14532	-2392	7284	-2274	-1802	295	1	
1	187255	-15348	-1548	6808	-2308	-1817	111	1	
1	187304	-15816	-3116	7220	-2214	-1849	365	1	
1	187353	-12228	-4068	8544	-1809	-1596	851	1	
1	187402	-13012	-6696	8400	-933	-2063	1497	1	
1	187450	-13832	-4268	6552	-1083	-2027	1186	1	
1	187499	-16000	-5164	8404	-2791	-1868	1511	1	
1	187548	-12960	-4248	5848	-2072	-1522	1349	1	
1	187597	-15508	-6276	8680	-1082	-1673	1507	1	
1	187646	-15152	-2984	5524	-1063	-1184	643	1	
1	187695	-14156	-2300	7952	-2431	-885	517	1	
1	187744	-14140	-3704	7820	-1896	-1035	827	1	
1	187793	-12908	-4372	8440	-1711	-992	811	1	
1	187841	-13792	-4020	8820	-2246	-1068	955	1	
1	187890	-14344	-5848	8332	-2136	-1044	1093	1	
1	187939	-14524	-4552	8032	-2596	-595	939	1	
1	187987	-14260	-4824	8552	-2320	-357	1317	1	
1	188036	-14584	-5448	8152	-1767	-170	1606	1	
1	188085	-13864	-5584	7644	-1921	226	1247	1	
1	188134	-14772	-4156	7424	-2616	475	1012	1	
1	188182	-13896	-4008	7880	-2684	511	1151	1	
1	188231	-12944	-4660	8260	-2386	274	1450	1	
1	188280	-14716	-4484	7872	-2091	-30	1490	1	
1	188328	-15796	-3968	7440	-2697	182	1417	1	
1	188377	-15420	-3904	7768	-3501	1019	1916	1	
1	188426	-12936	-9388	7716	-2970	1434	3322	1	
1	188475	-10416	-6648	5680	-126	962	1495	1	
1	188523	-15872	-2368	5164	-1454	1010	645	1	
1	188572	-17004	-1540	6160	-1698	898	444	1	
1	188621	-16008	-2768	6944	-1836	1329	565	1	
1	188669	-13124	-5920	7712	-878	2035	338	1	
1	188718	-15948	-5148	7668	557	1892	-135	1	
1	188766	-15088	-5056	5252	198	2323	-265	1	
1	188815	-14092	-6276	6124	22	2897	-993	1	
1	188863	-14964	-5140	5156	1094	2872	-1316	1	
1	188912	-15084	-4720	4024	1435	3404	-2044	1	
1	188961	-14672	-5104	3520	2586	3486	-2094	1	
1	189010	-14308	-5072	2332	3069	4045	-2544	1	
1	189059	-16404	-4604	1156	3546	3795	-3245	1	
1	189108	-18624	-5360	1892	3359	3219	-3718	1	
1	189157	-17832	-4716	1308	3380	2456	-4129	1	
1	189206	-17376	-4944	1808	3465	1403	-4373	1	
1	189254	-16048	-5688	-684	3604	684	-4448	1	
1	189303	-15560	-5480	508	4132	-288	-4563	1	
1	189352	-15864	-6216	552	4483	-1026	-4498	1	
0	189400	-18080	-6656	4004	5443	-2256	-4439	0	
0	189449	-15528	-6632	164	5144	-2310	-4060	0	
0	189498	-16580	-7108	3024	6722	-3509	-3988	0	
0	189547	-16504	-6268	2496	7668	-4332	-3673	0	
0	189596	-16208	-6216	3280	7561	-5367	-3293	0	
0	189645	-15816	-6012	4864	7997	-5906	-2976	0	
0	189693	-15452	-5900	5928	8608	-6601	-2590	0	
0	189742	-14768	-5548	6712	9245	-7421	-2144	0	
0	189791	-13768	-5376	7848	9630	-7569	-1748	0	
0	189840	-12976	-5292	9024	9804	-7880	-1394	0	
0	189889	-12160	-4908	9744	10237	-8027	-973	0	
0	189938	-11344	-4348	11172	10168	-8037	-475	0	
0	189987	-10680	-4004	11816	10203	-7915	14	0	
0	190035	-9840	-3640	12688	10133	-7435	605	0	
0	190084	-9080	-3516	13300	10055	-7287	1056	0	
0	190133	-8224	-3108	13664	9955	-6777	1504	0	
0	190182	-7196	-2796	14572	9968	-5902	1874	0	
0	190231	-7108	-2620	15208	9856	-5424	2231	0	
0	190280	-6872	-1656	16804	9118	-4556	2419	0	
0	190328	-6924	-1440	15372	8741	-3595	2747	0	
0	190377	-7048	-1272	16796	8413	-3445	2976	0	
0	190426	-7520	-384	16872	8190	-2941	3325	0	
0	190475	-8088	376	17464	7612	-2510	3035	0	
0	190523	-8968	1000	17684	6633	-2146	2875	0	
0	190572	-9936	1472	17912	5516	-1884	2635	0	
0	190621	-10216	1880	17804	4063	-1631	2340	0	
0	190669	-10368	1644	17556	2798	-1173	2072	0	
0	190718	-10476	1368	17108	2036	-559	1762	0	
0	190767	-10500	996	16580	1595	290	1416	0	
0	190816	-10568	704	16020	963	1172	976	0	
0	190864	-10912	596	15028	-156	1995	497	0	
0	190912	-11080	400	13836	-1351	2651	106	0	
0	190961	-11316	-4	12592	-2151	3134	-191	0	
0	191009	-11632	-784	11636	-2491	3448	-404	0	
0	191058	-12136	-1776	10656	-2787	3626	-537	0	
0	191107	-12636	-2560	9624	-3145	3716	-704	0	
0	191155	-13124	-3092	8252	-3366	3706	-834	0	
0	191204	-13560	-3452	7676	-3390	3619	-936	0	
0	191252	-14160	-3848	6756	-3428	3531	-994	0	
0	191301	-14508	-4056	6396	-3436	3421	-1068	0	
0	191350	-14916	-4072	6104	-3414	3351	-1134	0	
0	191399	-15296	-4380	5836	-3449	3219	-1210	0	
0	191448	-15572	-4644	5844	-3392	3099	-1234	0	
0	191496	-15584	-4820	5584	-3371	2961	-1259	0	
0	191545	-15732	-5044	5148	-3386	2806	-1294	0	
0	191594	-15864	-5164	4596	-3246	2679	-1312	0	
0	191643	-15864	-5416	4560	-2819	2481	-1347	0	
0	191692	-15984	-5436	4388	-2885	2343	-1398	0	
0	191741	-16028	-5588	4100	-2493	2188	-1365	0	
0	191790	-16032	-5788	4328	-2112	2052	-1265	0	
0	191838	-16160	-6192	4576	-1683	1931	-1219	0	
0	191887	-16620	-6420	4600	-1252	1725	-1132	0	
0	191936	-17172	-6296	5000	-707	1487	-1142	0	
0	191985	-19360	-6416	5436	-110	984	-1088	0	
0	192033	-16932	-5876	4980	997	241	-945	0	
0	192082	-14808	-5440	4396	1405	-257	-629	0	
0	192130	-14572	-5492	5416	2173	-659	-377	0	
0	192178	-13856	-5584	6068	2539	-1280	-230	0	
0	192227	-13736	-5388	6560	2346	-1344	-158	0	
0	192276	-13192	-4412	6876	2285	-1610	-55	0	
0	192324	-12944	-4040	7564	2475	-1794	-4	0	
0	192372	-12728	-3784	8540	2596	-1820	-4	0	
0	192421	-12548	-3444	9728	2410	-1654	-106	0	
0	192469	-12272	-3392	9976	1805	-1331	-281	0	
0	192518	-12288	-3144	10400	1671	-901	-486	0	
0	192566	-12148	-2788	10820	1026	-441	-725	0	
0	192615	-11964	-2548	11104	882	83	-1004	0	
0	192663	-13144	-2324	10952	527	497	-1250	0	
0	192712	-16976	-2884	10588	528	568	-1792	0	
0	192761	-12732	-2088	10080	520	319	-1576	0	
0	192809	-11868	-2320	11260	670	766	-1472	0	
0	192858	-11884	-2504	10928	989	694	-1499	0	
0	192906	-11056	-2488	10672	268	1062	-1463	0	
0	192955	-11572	-2816	10864	-42	1399	-1548	0	
0	193004	-12012	-2720	10644	-550	2046	-1573	0	
1	193053	-7244	-1084	10976	-1253	1840	-2861	1	
1	193102	-14824	-2308	12512	-1130	2750	-1266	1	
1	193151	-15716	-2528	10600	-1605	2623	-1803	1	
1	193200	-14668	-2760	9888	-2190	2643	-1956	1	
1	193249	-14280	-2888	9308	-1755	2515	-1963	1	
1	193298	-14004	-3248	8620	-1175	2284	-1828	1	
1	193347	-19924	-5772	9416	-1060	1745	-1850	1	
1	193396	-13376	-3864	6236	-1542	1357	-1832	1	
1	193445	-14344	-4636	6996	-1330	1081	-1658	1	
1	193494	-12724	-4660	6520	-594	512	-1509	1	
1	193542	-13340	-4552	6564	-706	189	-1187	1	
1	193591	-13836	-4464	6120	-1240	-208	-865	1	
1	193639	-13408	-4176	6860	-1769	-793	-346	1	
1	193688	-13484	-6048	7312	-1179	-1324	294	1	
1	193737	-14236	-4756	6204	-1061	-1573	238	1	
1	193786	-14404	-4536	6552	-2119	-1624	433	1	
1	193834	-13636	-4476	6924	-1742	-1730	865	1	
1	193883	-15692	-6000	7012	-410	-1864	1372	1	
1	193932	-14504	-5916	6588	-343	-1624	1309	1	
1	193981	-14932	-5584	6540	-792	-1444	1214	1	
1	194030	-14720	-4988	6688	-736	-1025	1333	1	
1	194078	-14208	-5528	6624	201	-1291	1707	1	
1	194127	-13400	-5728	7000	703	-1454	1731	1	
1	194176	-14408	-4372	6448	183	-1621	1494	1	
1	194225	-15008	-3536	6800	-221	-1708	1525	1	
1	194273	-14604	-3768	6992	4	-1724	1731	1	
1	194322	-14024	-3924	7788	78	-1723	1924	1	
1	194370	-13524	-4644	7924	89	-1816	2096	1	
1	194419	-15436	-4448	7804	27	-1770	2128	1	
1	194467	-14368	-4520	7924	-760	-1431	2556	1	
1	194516	-13064	-4940	8684	-548	-1264	2662	1	
1	194565	-14976	-5348	8868	65	-1444	3570	1	
1	194613	-14180	-6100	8112	-229	-1181	3707	1	
1	194662	-14404	-5992	8836	-615	-910	3556	1	
1	194711	-13852	-4208	7704	-1090	-469	3267	1	
1	194760	-14156	-4040	8180	-690	-290	3288	1	
1	194808	-13720	-4784	8464	-185	-204	3291	1	
1	194857	-14164	-4356	8412	-409	-45	3117	1	
1	194905	-13148	-4684	8868	-854	176	2923	1	
1	194953	-14160	-4216	8992	-572	257	2671	1	
1	195002	-13780	-4144	8536	-629	701	2479	1	
1	195050	-13324	-4796	9288	-740	1051	2174	1	
1	195099	-13552	-4428	9020	-381	1312	1542	1	
1	195148	-13788	-4768	8876	-104	1651	1430	1	
1	195197	-13960	-4604	8580	220	1912	866	1	
1	195245	-13608	-4592	7880	260	2427	475	1	
1	195294	-13924	-5180	9000	1002	2607	135	1	
1	195342	-12868	-5332	7304	1489	2767	-207	1	
1	195391	-15100	-5076	9032	1848	2693	-635	1	
1	195440	-12340	-5188	7152	2332	2945	-1025	1	
1	195489	-12876	-4228	7884	2723	2985	-1741	1	
1	195537	-14016	-4404	10396	3061	3144	-2249	1	
1	195587	-11840	-3180	5640	3026	2986	-2639	1	
1	195635	-10880	-3408	8616	2580	3043	-3169	1	
1	195684	-11432	-2052	7400	2130	2766	-3844	1	
1	195733	-12552	-1388	6376	982	2829	-4353	1	
1	195782	-14512	-2088	9700	431	2610	-4699	1	
1	195831	-9512	-2264	9340	876	2123	-4674	1	
1	195879	-14356	-1584	9332	1186	1393	-4815	1	
1	195928	-11992	-2260	9352	782	1111	-4811	1	
1	195977	-10852	-2476	6372	506	1445	-5425	1	
1	196026	-13928	-2332	11600	-2	670	-5668	1	
1	196074	-13392	-2024	7888	136	554	-5493	1	
1	196122	-15424	-2456	8224	401	433	-5506	1	
1	196171	-14296	-3456	9948	894	20	-5154	1	
1	196219	-10356	-4652	9172	1619	162	-4997	1	
1	196268	-12616	-4068	9396	2150	232	-5383	1	
1	196317	-12908	-2904	8428	2314	284	-5587	1	
1	196365	-10420	-2436	7848	2913	136	-5698	1	
1	196414	-19376	-944	9456	2894	-254	-5518	1	
1	196463	-12024	-2824	8520	3611	-243	-5025	1	
1	196511	-12984	-2792	8640	3622	-176	-4922	1	
1	196560	-14364	-2376	9396	3369	-76	-4698	1	
1	196609	-11632	-3808	9504	3609	-227	-4267	1	
1	196658	-15292	-2648	8368	3020	-348	-4000	1	
1	196706	-13816	-4168	8432	3197	-364	-3594	1	
1	196755	-16708	-2268	7660	2918	-477	-3083	1	
1	196804	-14260	-4940	8724	3338	-418	-2529	1	
1	196853	-12788	-4912	8160	4506	-439	-2296	1	
1	196901	-13936	-4312	7340	4693	-568	-2153	1	
1	196950	-14772	-3664	6808	4251	-584	-1989	1	
1	196999	-14496	-3788	7180	3490	-620	-1907	1	
1	197048	-14748	-3840	7040	3044	-592	-1901	1	
1	197096	-14432	-3716	7276	3019	-469	-1860	1	
1	197145	-14640	-3556	7192	2554	-370	-1839	1	
1	197194	-14532	-3624	7284	1339	-329	-1758	1	
1	197243	-13716	-3632	6944	-772	-303	-1801	1	
1	197291	-13192	-1768	6124	-17770	-49	-2896	1	
1	197340	-14824	-2152	9912	-14570	-583	-2588	1	
1	197389	-14068	-2436	8604	-1644	-568	-2259	1	
1	197438	-13660	-2720	7988	-258	-320	-2459	1	
1	197487	-13888	-3832	7152	-4865	-141	-2912	1	
1	197535	-14192	-4724	8096	-5943	-186	-3001	1	
1	197584	-14584	-5592	8308	-1853	-300	-2478	1	
1	197633	-14576	-5848	8520	-1233	-295	-1829	1	
1	197682	-14868	-6316	8944	-2309	-109	-1233	1	
1	197731	-15628	-6008	8700	-3314	168	-585	1	
1	197779	-15640	-5436	8548	-2873	465	381	1	
1	197828	-13616	-7184	9368	-1344	482	2103	1	
1	197876	-14432	-9920	8808	277	57	3328	1	
1	197925	-14580	-5360	7548	-1780	338	3417	1	
1	197973	-15524	-6484	8348	-1999	388	4606	1	
1	198022	-13372	-8344	9280	-1711	701	4966	1	
1	198071	-16392	-5336	7484	-1985	583	5870	1	
1	198120	-14072	-7360	9048	-1242	703	6194	1	
1	198168	-14040	-5944	7228	-1963	1092	6538	1	
1	198217	-11008	-8044	8416	-1375	1072	7130	1	
1	198266	-14272	-6404	7024	-1095	888	7013	1	
1	198315	-13484	-5956	6488	-2204	1206	7487	1	
1	198364	-12904	-7196	6156	-998	1055	7087	1	
1	198412	-14004	-4852	4184	-2003	908	5949	1	
1	198461	-14712	-3888	5352	-1780	270	5655	1	
1	198510	-14292	-4012	4192	-604	286	5283	1	
1	198558	-13260	-4496	4192	-1047	458	4572	1	
1	198607	-14164	-4236	5012	-553	-5	3977	1	
1	198655	-13764	-4644	3404	-98	-199	3895	1	
1	198703	-13928	-5560	3160	838	-812	3584	1	
1	198752	-18488	-6320	4188	1194	-1870	3446	1	
1	198801	-19232	-5616	1944	507	-2978	3183	1	
1	198850	-17404	-5652	3144	841	-4369	3023	1	
1	198898	-16208	-5036	3680	1640	-5818	3026	1	
0	198947	-17860	-5752	2756	2825	-6865	3232	0	
0	198996	-13984	-4460	6584	4171	-8086	2638	0	
0	199045	-17232	-6152	6424	4298	-8477	3132	0	
0	199094	-17328	-5628	4440	5552	-9242	2973	0	
0	199142	-16208	-5312	5744	6404	-9622	2904	0	
0	199191	-14884	-5064	7100	7457	-9409	2860	0	
0	199240	-13852	-4472	7904	8326	-8794	2699	0	
0	199289	-12508	-3956	8376	8546	-7742	2550	0	
0	199338	-11440	-3596	9024	7950	-6497	2284	0	
0	199386	-10540	-2836	9444	7618	-5296	1969	0	
0	199435	-10156	-2176	9552	7058	-4078	1573	0	
0	199484	-9956	-1428	9652	6344	-2954	1142	0	
0	199533	-10056	-752	9828	5456	-1903	728	0	
0	199581	-9848	-544	10004	4379	-777	310	0	
0	199629	-9956	-472	10564	4043	-309	-75	0	
0	199677	-10052	-440	10768	3588	226	-475	0	
0	199726	-10820	-656	11236	3320	592	-867	0	
0	199774	-11276	-892	11452	2802	826	-1254	0	
0	199822	-11620	-1520	11744	2511	904	-15
